STATIONS_ID;MESS_DATUM;QN_3;  FX;  FM;QN_4; RSK;RSKF; SDK;SHK_TAG;  NM; VPM;  PM; TMK; UPM; TXK; TNK; TGK;eor
        403;20230312;-999;-999;-999;   10;   1.3;   8;    5.600;   0;   5.9;   5.4; 1000.20;    2.8;   73.00;    6.3;   -1.0;   -3.4;eor
        403;20230313;-999;-999;-999;   10;   2.8;   6;    2.100;   0;   7.3;  10.5;  989.10;   10.9;   81.00;   16.3;    5.8;    5.1;eor
        403;20230314;-999;-999;-999;   10;   8.1;   8;    1.900;   0;   5.8;   8.6;  984.80;    8.8;   76.00;   14.3;    1.0;   -0.8;eor
        403;20230315;-999;-999;-999;   10;   0.0;   8;    4.800;   0;   2.8;   5.4; 1004.60;    2.3;   76.00;    7.1;   -1.2;   -3.9;eor
        403;20230316;-999;-999;-999;   10;   0.0;   0;   10.900;   0;   3.1;   4.4; 1011.50;    4.1;   59.00;   10.3;   -3.0;   -5.4;eor
        403;20230317;-999;-999;-999;   10;   0.0;   0;    6.600;   0;   6.5;   5.4; 1004.20;    8.4;   49.00;   14.1;    3.2;    0.1;eor
        403;20230318;-999;-999;-999;   10;   4.0;   6;    6.800;   0;   6.1;   8.2; 1002.50;   11.4;   60.00;   18.1;    6.5;    1.5;eor
        403;20230319;-999;-999;-999;   10;   2.7;   6;    2.600;   0;   6.8;   9.9; 1005.20;   10.5;   79.00;   16.1;    5.8;    2.5;eor
        403;20230320;-999;-999;-999;   10;   0.0;   6;    0.500;   0;   7.0;   9.6; 1007.00;    9.8;   80.00;   12.1;    8.0;    5.2;eor
        403;20230321;-999;-999;-999;   10;   1.0;   6;    0.000;   0;   7.7;  10.0; 1005.30;    9.5;   84.00;   12.1;    7.0;    6.2;eor
        403;20230322;-999;-999;-999;   10;   1.0;   6;    5.200;   0;   6.7;   9.7;  999.50;   12.3;   71.00;   17.3;    7.9;    5.0;eor
        403;20230323;-999;-999;-999;   10;   3.8;   6;    2.200;   0;   6.8;  10.6;  996.00;   11.9;   77.00;   16.8;    8.3;    5.0;eor
        403;20230324;-999;-999;-999;   10;   1.4;   6;    1.800;   0;   6.2;  10.3;  992.70;   12.2;   73.00;   16.4;    8.1;    3.9;eor
        403;20230325;-999;-999;-999;   10;   7.2;   6;    4.600;   0;   6.3;   9.3;  992.70;    9.4;   80.00;   13.4;    7.1;    4.7;eor
        403;20230326;-999;-999;-999;   10;   0.0;   6;    2.600;   0;   7.0;   8.1;  993.30;    8.0;   75.00;   11.0;    4.3;    3.1;eor
        403;20230327;-999;-999;-999;   10;   1.0;   8;    6.600;   0;   4.8;   5.5; 1002.30;    3.4;   72.00;    6.9;    0.9;   -0.6;eor
        403;20230328;-999;-999;-999;   10;   0.0;   0;    9.800;   0;   4.0;   4.7; 1011.70;    3.0;   65.00;    7.7;   -0.2;   -3.2;eor
        403;20230329;-999;-999;-999;   10;   0.1;   6;    3.000;   0;   7.4;   6.8; 1006.50;    6.6;   70.00;   10.8;    0.0;   -2.6;eor
        403;20230330;-999;-999;-999;   10;   3.5;   6;    3.700;   0;   6.5;  10.9;  996.80;   11.4;   82.00;   18.8;    7.8;    5.9;eor
        403;20230331;-999;-999;-999;   10;   6.0;   6;    3.500;   0;   7.1;  11.0;  989.80;   10.5;   88.00;   15.2;    8.6;    6.1;eor
        403;20230401;-999;-999;-999;   10;   1.6;   6;    0.000;   0;   8.0;   9.9;  992.40;    7.5;   94.00;   11.1;    3.3;    2.8;eor
        403;20230402;-999;-999;-999;   10;   0.0;   0;    4.200;   0;   4.9;   5.2; 1011.60;    4.4;   63.00;    8.3;    1.0;   -1.7;eor
        403;20230403;-999;-999;-999;   10;   0.0;   7;    4.800;   0;   4.3;   4.4; 1021.40;    2.4;   61.00;    6.1;   -0.9;   -3.8;eor
        403;20230404;-999;-999;-999;   10;   0.0;   0;    9.400;   0;   3.8;   4.4; 1018.10;    2.4;   63.00;    7.0;   -2.1;   -5.7;eor
        403;20230405;-999;-999;-999;   10;   0.0;   6;    4.600;   0;   5.6;   5.1; 1013.00;    3.4;   66.00;    8.2;   -2.2;   -5.4;eor
        403;20230406;-999;-999;-999;   10;   0.0;   0;   12.300;   0;   1.9;   4.8; 1011.00;    5.4;   58.00;   12.1;   -1.9;   -5.0;eor
        403;20230407;-999;-999;-999;   10;   2.4;   6;    1.700;   0;   7.1;   6.6; 1010.10;    4.2;   79.00;    6.8;    0.3;   -3.5;eor
        403;20230408;-999;-999;-999;   10;   0.0;   0;    3.300;   0;   6.2;   8.2; 1014.50;    7.6;   80.00;   13.5;    2.5;   -1.0;eor
        403;20230409;-999;-999;-999;   10;   0.0;   0;   10.800;   0;   1.9;   7.5; 1017.00;    6.5;   80.00;   13.4;    0.2;   -2.6;eor
        403;20230410;-999;-999;-999;   10;   1.8;   6;   11.800;   0;   6.5;   8.0; 1011.90;   10.4;   67.00;   17.1;    1.8;   -1.4;eor
        403;20230411;-999;-999;-999;   10;   2.5;   6;    4.300;   0;   5.6;   8.1; 1000.60;    8.6;   74.00;   12.8;    3.4;   -0.6;eor
        403;20230412;-999;-999;-999;   10;   2.8;   6;    8.100;   0;   4.1;   7.8;  995.70;    8.4;   74.00;   15.7;    0.1;   -2.9;eor
        403;20230413;-999;-999;-999;   10;   0.3;   6;    3.300;   0;   6.0;   8.3;  995.40;    8.9;   76.00;   13.9;    5.1;    1.5;eor
        403;20230414;-999;-999;-999;   10;  10.7;   6;    0.000;   0;   7.5;   9.7;  998.50;    7.6;   93.00;    9.1;    5.4;    4.0;eor
        403;20230415;-999;-999;-999;   10;   4.9;   6;    0.000;   0;   8.0;  11.4;  999.00;    9.5;   96.00;   10.7;    7.9;    7.4;eor
        403;20230416;-999;-999;-999;   10;   1.5;   6;    0.000;   0;   8.0;  10.9; 1009.00;    9.2;   93.00;   10.7;    7.3;    6.6;eor
        403;20230417;-999;-999;-999;   10;   2.5;   6;    1.200;   0;   7.4;   8.6; 1015.30;    7.3;   85.00;   10.7;    5.7;    3.5;eor
        403;20230418;-999;-999;-999;   10;   0.0;   6;    2.700;   0;   6.0;   8.4; 1018.00;    8.9;   75.00;   13.6;    5.0;    2.8;eor
        403;20230419;-999;-999;-999;   10;   5.4;   6;    7.000;   0;   5.2;   6.8; 1013.60;    7.2;   69.00;   12.8;    3.4;    0.5;eor
        403;20230420;-999;-999;-999;   10;   0.1;   6;    2.100;   0;   5.5;   9.4; 1010.80;    9.8;   79.00;   16.4;    5.2;    2.5;eor
        403;20230421;-999;-999;-999;   10;   0.0;   0;   13.000;   0;   1.0;   8.2; 1008.00;   14.6;   51.00;   20.8;    8.4;    3.5;eor
        403;20230422;-999;-999;-999;   10;   1.2;   6;   12.900;   0;   3.2;   8.4; 1002.20;   15.3;   50.00;   22.6;    7.4;    2.3;eor
        403;20230423;-999;-999;-999;   10;   1.9;   6;    5.300;   0;   6.3;  11.6;  997.30;   13.2;   77.00;   18.0;    9.7;    6.2;eor
        403;20230424;-999;-999;-999;   10;   0.0;   6;    6.100;   0;   6.5;   9.7;  993.90;   12.6;   68.00;   18.6;    8.1;    6.0;eor
        403;20230425;-999;-999;-999;   10;   0.0;   6;    1.900;   0;   5.6;   7.0;  999.40;    8.1;   65.00;   10.5;    4.4;    2.5;eor
        403;20230426;-999;-999;-999;   10;   0.0;   8;    7.300;   0;   4.5;   6.3; 1006.20;    6.6;   65.00;   10.6;    2.7;    0.9;eor
        403;20230427;-999;-999;-999;   10;   0.0;   6;    6.700;   0;   5.1;   6.1; 1010.30;    7.2;   61.00;   11.7;    2.3;   -0.4;eor
        403;20230428;-999;-999;-999;   10;   4.3;   6;    6.600;   0;   7.2;   8.6; 1005.40;   10.1;   70.00;   16.6;    1.6;   -0.6;eor
        403;20230429;-999;-999;-999;   10;   0.2;   6;    1.100;   0;   6.3;  10.7; 1004.00;   11.2;   81.00;   14.2;    8.2;    4.4;eor
        403;20230430;-999;-999;-999;   10;   0.0;   0;   14.200;   0;   0.6;   6.5; 1012.80;    8.8;   60.00;   14.2;    3.7;    0.0;eor
        403;20230501;-999;-999;-999;   10;   0.0;   0;   11.700;   0;   6.5;   7.6; 1007.00;   12.1;   57.00;   19.4;    2.5;   -0.7;eor
        403;20230502;-999;-999;-999;   10;   0.0;   0;    4.500;   0;   6.4;   8.5; 1010.80;   11.0;   65.00;   13.9;    7.8;    6.4;eor
        403;20230503;-999;-999;-999;   10;   0.0;   0;   14.100;   0;   1.3;   7.2; 1017.70;    9.4;   62.00;   15.2;    4.1;    1.1;eor
        403;20230504;-999;-999;-999;   10;   0.0;   0;   12.800;   0;   4.7;   8.0; 1013.90;   12.6;   58.00;   19.4;    4.6;    0.8;eor
        403;20230505;-999;-999;-999;   10;  11.9;   6;   11.400;   0;   6.4;   9.6; 1009.60;   14.4;   59.00;   21.2;    8.2;    3.5;eor
        403;20230506;-999;-999;-999;   10;   0.2;   6;    0.000;   0;   8.0;  10.4; 1009.50;    8.3;   95.00;    9.7;    7.3;    8.0;eor
        403;20230507;-999;-999;-999;   10;   0.0;   0;    6.900;   0;   5.2;   9.1; 1014.40;   11.5;   69.00;   17.0;    7.1;    3.7;eor
        403;20230508;-999;-999;-999;   10;   0.0;   0;   14.800;   0;   0.9;   7.3; 1016.80;   12.0;   56.00;   18.7;    4.6;    1.1;eor
        403;20230509;-999;-999;-999;   10;   0.0;   0;   14.600;   0;   1.2;   7.6; 1009.50;   13.9;   49.00;   20.2;    7.2;    3.2;eor
        403;20230510;-999;-999;-999;   10;   0.0;   0;   13.100;   0;   2.5;  11.0; 1002.40;   15.9;   62.00;   22.8;    9.0;    4.8;eor
        403;20230511;-999;-999;-999;   10;   0.0;   0;   11.500;   0;   4.6;  10.1; 1005.70;   17.0;   56.00;   23.4;    9.5;    5.9;eor
        403;20230512;-999;-999;-999;   10;   0.0;   0;   13.400;   0;   2.2;   8.8; 1009.40;   17.5;   45.00;   23.2;   10.8;    7.1;eor
        403;20230513;-999;-999;-999;   10;   0.0;   6;   11.500;   0;   2.3;   8.9; 1011.70;   16.2;   50.00;   22.9;    9.6;    5.9;eor
        403;20230514;-999;-999;-999;   10;   0.0;   0;    5.600;   0;   4.4;   9.9; 1007.80;   15.1;   60.00;   20.7;    9.1;    5.0;eor
        403;20230515;-999;-999;-999;   10;   0.0;   6;    6.700;   0;   5.6;  11.1;  999.40;   14.5;   68.00;   21.9;    7.8;    3.9;eor
        403;20230516;-999;-999;-999;   10;   0.0;   6;    4.300;   0;   5.6;   9.5; 1005.00;   11.9;   69.00;   15.8;    7.8;    3.1;eor
        403;20230517;-999;-999;-999;   10;   0.0;   0;   13.300;   0;   2.0;   7.7; 1012.90;   10.8;   61.00;   15.3;    7.0;    3.0;eor
        403;20230518;-999;-999;-999;   10;   0.0;   0;   11.300;   0;   4.8;   8.1; 1017.90;   11.7;   60.00;   16.9;    6.8;    3.2;eor
        403;20230519;-999;-999;-999;   10;   0.0;   0;    8.900;   0;   5.5;   9.5; 1016.90;   13.4;   63.00;   19.5;    6.6;    2.2;eor
        403;20230520;-999;-999;-999;   10;   0.0;   0;    5.500;   0;   4.9;  12.8; 1014.30;   14.9;   76.00;   20.1;    9.5;    6.3;eor
        403;20230521;-999;-999;-999;   10;   0.0;   0;   11.800;   0;   6.1;  14.2; 1009.00;   20.7;   62.00;   27.5;   13.1;    8.8;eor
        403;20230522;-999;-999;-999;   10;   0.0;   6;   13.100;   0;   6.8;  11.9; 1006.10;   20.4;   50.00;   26.4;   15.5;   10.9;eor
        403;20230523;-999;-999;-999;   10;   2.9;   6;    1.800;   0;   7.3;  13.4; 1003.90;   14.7;   80.00;   20.0;    9.0;    7.8;eor
        403;20230524;-999;-999;-999;   10;   0.0;   0;    4.700;   0;   5.1;   9.8; 1011.10;   11.1;   75.00;   15.7;    7.5;    3.9;eor
        403;20230525;-999;-999;-999;   10;   0.0;   0;   12.300;   0;   2.4;  10.6; 1014.80;   13.6;   71.00;   19.0;    6.1;    2.9;eor
        403;20230526;-999;-999;-999;   10;   0.0;   0;   14.700;   0;   0.4;   9.1; 1017.00;   13.8;   61.00;   19.8;    6.7;    2.5;eor
        403;20230527;-999;-999;-999;   10;   0.0;   0;   14.900;   0;   0.4;   8.3; 1016.50;   14.5;   55.00;   21.6;    6.3;    2.4;eor
        403;20230528;-999;-999;-999;   10;   0.0;   0;   15.000;   0;   0.5;   9.0; 1011.00;   16.6;   53.00;   23.9;    6.9;    3.1;eor
        403;20230529;-999;-999;-999;   10;   0.0;   0;   11.500;   0;   5.0;   9.8; 1011.90;   16.4;   54.00;   21.7;    9.6;    4.8;eor
        403;20230530;-999;-999;-999;   10;   0.0;   0;   15.600;   0;   2.0;   9.4; 1014.40;   16.0;   54.00;   22.8;    6.8;    2.8;eor
        403;20230531;-999;-999;-999;   10;   0.0;   0;   15.100;   0;   4.6;  10.1; 1013.40;   17.6;   54.00;   25.0;    8.5;    3.8;eor
        403;20230601;-999;-999;-999;   10;   0.0;   0;   12.600;   0;   2.4;  11.4; 1007.70;   16.0;   65.00;   21.9;   10.8;    8.3;eor
        403;20230602;-999;-999;-999;   10;   0.0;   6;    9.200;   0;   2.9;   9.1; 1010.50;   13.8;   61.00;   20.0;    8.6;    3.5;eor
        403;20230603;-999;-999;-999;   10;   0.0;   0;   15.500;   0;   2.6;   7.8; 1013.40;   14.2;   49.00;   20.8;    7.1;    1.5;eor
        403;20230604;-999;-999;-999;   10;   0.0;   0;   15.500;   0;   1.0;   8.3; 1012.20;   16.1;   48.00;   23.8;    6.4;    2.0;eor
        403;20230605;-999;-999;-999;   10;   0.0;   0;   15.200;   0;   2.8;   8.8; 1011.10;   19.2;   43.00;   26.1;    9.9;    4.6;eor
        403;20230606;-999;-999;-999;   10;   0.0;   0;    4.700;   0;   6.1;  12.1; 1009.60;   19.3;   54.00;   23.9;   14.3;    9.7;eor
        403;20230607;-999;-999;-999;   10;   0.0;   0;   11.100;   0;   6.0;  10.6; 1008.70;   22.9;   39.00;   29.2;   17.4;   14.0;eor
        403;20230608;-999;-999;-999;   10;   0.0;   0;   10.100;   0;   4.3;  10.9; 1006.80;   23.4;   38.00;   30.3;   16.0;   10.9;eor
        403;20230609;-999;-999;-999;   10;   0.0;   0;   14.800;   0;   3.6;  11.1; 1006.30;   22.3;   44.00;   29.6;   15.2;   10.1;eor
        403;20230610;-999;-999;-999;   10;   0.0;   0;   10.000;   0;   2.9;  13.9; 1008.10;   21.5;   57.00;   28.4;   14.0;   12.2;eor
        403;20230611;-999;-999;-999;   10;   0.0;   0;   13.500;   0;   2.9;  11.4; 1010.30;   21.5;   44.00;   28.2;   14.4;    8.8;eor
        403;20230612;-999;-999;-999;   10;   0.0;   0;   14.500;   0;   1.8;   9.2; 1010.00;   20.8;   39.00;   27.0;   13.7;    7.1;eor
        403;20230613;-999;-999;-999;   10;   0.0;   0;   11.700;   0;   4.3;   9.8; 1006.80;   18.1;   48.00;   24.1;   12.3;    7.5;eor
        403;20230614;-999;-999;-999;   10;   0.0;   0;    4.400;   0;   5.4;  11.6; 1008.90;   18.0;   58.00;   24.5;   11.5;    6.7;eor
        403;20230615;-999;-999;-999;   10;   1.3;   6;    6.700;   0;   6.1;  12.7; 1007.70;   18.3;   61.00;   23.5;   14.0;   10.4;eor
        403;20230616;-999;-999;-999;   10;  14.2;   6;    2.900;   0;   7.1;  15.3; 1005.20;   15.9;   86.00;   20.7;   12.9;   11.4;eor
        403;20230617;-999;-999;-999;   10;   0.8;   6;    5.800;   0;   5.6;  15.5; 1004.20;   16.1;   86.00;   21.1;   12.8;    9.9;eor
        403;20230618;-999;-999;-999;   10;   0.0;   0;   12.000;   0;   2.5;  14.1; 1004.70;   19.4;   67.00;   26.2;   11.6;    8.9;eor
        403;20230619;-999;-999;-999;   10;   0.0;   6;    4.400;   0;   6.0;  16.6; 1003.70;   21.5;   68.00;   28.9;   14.9;   12.1;eor
        403;20230620;-999;-999;-999;   10;   6.1;   6;    5.700;   0;   6.1;  20.6; 1003.90;   21.6;   80.00;   26.7;   17.4;   15.2;eor
        403;20230621;-999;-999;-999;   10;   0.0;   0;    9.500;   0;   5.3;  19.7; 1005.50;   23.2;   72.00;   28.8;   18.0;   15.3;eor
        403;20230622;-999;-999;-999;   10;  24.2;   6;   10.300;   0;   5.3;  16.9; 1008.20;   23.3;   63.00;   29.5;   17.3;   14.7;eor
        403;20230623;-999;-999;-999;   10;  27.4;   6;    0.000;   0;   7.8;  19.0; 1007.00;   17.2;   97.00;   18.3;   15.7;   14.9;eor
        403;20230624;-999;-999;-999;   10;   0.0;   0;   12.900;   0;   2.9;  14.8; 1013.20;   19.3;   69.00;   25.2;   14.1;   12.4;eor
        403;20230625;-999;-999;-999;   10;   0.0;   0;    6.800;   0;   4.5;  16.8; 1009.70;   21.1;   70.00;   26.6;   14.9;   12.9;eor
        403;20230626;-999;-999;-999;   10;  19.3;   6;    8.600;   0;   4.0;  17.3; 1004.20;   21.6;   71.00;   31.1;   16.2;   13.9;eor
        403;20230627;-999;-999;-999;   10;   1.4;   6;   10.300;   0;   3.9;  13.1; 1005.90;   16.7;   69.00;   21.0;   14.1;   12.3;eor
        403;20230628;-999;-999;-999;   10;   0.0;   0;   10.000;   0;   4.0;  12.7; 1006.30;   18.0;   64.00;   23.6;   13.2;   11.4;eor
        403;20230629;-999;-999;-999;   10;   0.6;   6;    4.800;   0;   5.8;  15.2; 1005.00;   19.8;   68.00;   25.5;   12.3;   10.4;eor
        403;20230630;-999;-999;-999;   10;   0.5;   6;    1.200;   0;   7.3;  18.5; 1001.10;   18.7;   86.00;   21.3;   16.0;   14.0;eor
        403;20230701;-999;-999;-999;   10;   0.6;   6;    7.100;   0;   7.0;  15.0;  996.20;   19.3;   70.00;   25.2;   15.3;   13.4;eor
        403;20230702;-999;-999;-999;   10;   0.0;   6;    8.300;   0;   4.6;  12.4;  997.00;   18.6;   59.00;   22.1;   13.1;    9.2;eor
        403;20230703;-999;-999;-999;   10;   0.0;   0;    3.600;   0;   6.3;  11.3;  999.90;   17.5;   58.00;   21.4;   11.0;    8.4;eor
        403;20230704;-999;-999;-999;   10;   0.0;   0;    9.200;   0;   4.7;  12.1; 1002.60;   18.2;   59.00;   22.2;   12.4;    9.5;eor
        403;20230705;-999;-999;-999;   10;   0.0;   6;    5.900;   0;   5.0;  12.5; 1001.60;   18.8;   59.00;   24.3;   11.9;    9.0;eor
        403;20230706;-999;-999;-999;   10;   0.0;   0;   12.700;   0;   2.6;  11.7; 1008.30;   17.3;   62.00;   23.1;   11.3;    8.0;eor
        403;20230707;-999;-999;-999;   10;   0.0;   0;   15.800;   0;   1.0;  12.0; 1012.20;   20.0;   57.00;   28.0;   10.3;    7.5;eor
        403;20230708;-999;-999;-999;   10;   0.0;   0;   15.700;   0;   0.5;  12.3; 1010.90;   23.2;   47.00;   30.4;   13.3;   10.0;eor
        403;20230709;-999;-999;-999;   10;   0.6;   6;   14.000;   0;   3.5;  13.6; 1010.80;   24.4;   47.00;   31.8;   15.3;   11.7;eor
        403;20230710;-999;-999;-999;   10;   0.5;   6;    9.600;   0;   4.6;  17.2; 1008.40;   22.8;   62.00;   28.8;   16.4;   12.7;eor
        403;20230711;-999;-999;-999;   10;   0.0;   0;   15.100;   0;   2.8;  15.5; 1006.00;   23.1;   59.00;   29.9;   14.4;   11.2;eor
        403;20230712;-999;-999;-999;   10;   0.0;   0;   10.100;   0;   4.8;  15.2;  999.60;   23.1;   54.00;   27.5;   16.3;   12.2;eor
        403;20230713;-999;-999;-999;   10;   0.0;   6;   11.500;   0;   4.6;  13.6; 1005.40;   19.6;   62.00;   25.0;   13.9;   10.2;eor
        403;20230714;-999;-999;-999;   10;   0.0;   0;   12.300;   0;   3.5;  13.2; 1007.00;   20.1;   59.00;   27.5;   13.1;    9.5;eor
        403;20230715;-999;-999;-999;   10;   1.6;   6;   10.500;   0;   5.3;  16.3; 1000.40;   25.3;   54.00;   34.3;   15.6;   11.4;eor
        403;20230716;-999;-999;-999;   10;   0.0;   0;   10.100;   0;   4.3;  16.5; 1003.50;   22.8;   62.00;   27.8;   16.6;   12.3;eor
        403;20230717;-999;-999;-999;   10;   0.0;   0;   11.200;   0;   4.8;  12.1; 1007.10;   21.5;   49.00;   27.3;   15.7;   11.7;eor
        403;20230718;-999;-999;-999;   10;   0.0;   0;   14.800;   0;   2.7;  12.3; 1008.90;   18.7;   60.00;   24.8;   13.2;   10.0;eor
        403;20230719;-999;-999;-999;   10;   6.1;   6;    5.500;   0;   6.0;  13.5; 1001.80;   19.2;   64.00;   25.3;   12.2;    8.6;eor
        403;20230720;-999;-999;-999;   10;   0.0;   6;    7.200;   0;   5.2;  13.9; 1002.70;   17.2;   73.00;   22.3;   11.5;    8.5;eor
        403;20230721;-999;-999;-999;   10;  11.2;   6;    3.300;   0;   4.9;  13.8; 1001.70;   15.3;   81.00;   21.6;    9.8;    7.4;eor
        403;20230722;-999;-999;-999;   10;   0.3;   6;    9.800;   0;   5.2;  13.5; 1003.20;   16.8;   73.00;   21.5;   12.4;   11.2;eor
        403;20230723;-999;-999;-999;   10;   0.0;   6;    2.900;   0;   7.2;  14.0;  999.40;   19.8;   63.00;   26.7;   14.4;   13.1;eor
        403;20230724;-999;-999;-999;   10;  18.1;   8;    6.100;   0;   6.1;  17.1;  993.40;   20.8;   72.00;   27.4;   15.1;   14.1;eor
        403;20230725;-999;-999;-999;   10;   0.0;   0;    6.300;   0;   6.5;  13.8;  994.60;   17.4;   71.00;   21.2;   14.3;   13.6;eor
        403;20230726;-999;-999;-999;   10;   3.7;   8;    9.900;   0;   5.5;  12.2; 1000.40;   15.9;   68.00;   20.6;   11.6;    9.4;eor
        403;20230727;-999;-999;-999;   10;  14.5;   6;    3.900;   0;   6.1;  15.0;  998.80;   15.3;   86.00;   18.8;   10.6;    8.7;eor
        403;20230728;-999;-999;-999;   10;   1.0;   6;    3.600;   0;   6.5;  20.0;  995.80;   18.9;   92.00;   22.0;   16.3;   14.9;eor
        403;20230729;-999;-999;-999;   10;   6.9;   6;    7.400;   0;   5.3;  19.8;  997.70;   19.0;   91.00;   23.9;   15.1;   13.5;eor
        403;20230730;-999;-999;-999;   10;   2.1;   6;    9.300;   0;   5.1;  16.2; 1000.30;   18.3;   79.00;   24.0;   14.4;   12.9;eor
        403;20230731;-999;-999;-999;   10;   1.2;   6;    0.500;   0;   7.5;  16.7;  997.90;   17.6;   84.00;   21.0;   13.9;   13.0;eor
        403;20230801;-999;-999;-999;   10;   3.3;   6;    3.600;   0;   6.8;  17.0;  989.20;   17.9;   84.00;   22.1;   15.9;   13.9;eor
        403;20230802;-999;-999;-999;   10;   1.6;   6;    3.800;   0;   6.8;  15.8;  988.60;   18.6;   75.00;   22.2;   15.1;   13.3;eor
        403;20230803;-999;-999;-999;   10;   7.3;   6;    4.300;   0;   5.5;  17.0;  989.00;   18.4;   81.00;   22.6;   15.6;   13.6;eor
        403;20230804;-999;-999;-999;   10;   0.0;   6;    9.100;   0;   5.0;  15.6; 1001.10;   18.4;   75.00;   22.7;   13.3;   11.6;eor
        403;20230805;-999;-999;-999;   10;   0.8;   6;    5.200;   0;   6.5;  15.2; 1003.30;   17.3;   78.00;   21.0;   13.0;   11.4;eor
        403;20230806;-999;-999;-999;   10;   7.2;   6;    0.000;   0;   8.0;  17.0;  994.90;   15.9;   94.00;   17.5;   13.6;   13.2;eor
        403;20230807;-999;-999;-999;   10;   1.7;   6;    4.600;   0;   6.5;  13.8;  996.10;   16.2;   76.00;   19.6;   13.6;   12.5;eor
        403;20230808;-999;-999;-999;   10;   1.4;   6;    6.100;   0;   5.5;  12.8; 1000.00;   14.7;   77.00;   19.4;   12.5;   11.1;eor
        403;20230809;-999;-999;-999;   10;   0.6;   6;    8.200;   0;   5.6;  12.7; 1004.90;   14.9;   76.00;   19.8;   10.9;    9.1;eor
        403;20230810;-999;-999;-999;   10;   0.0;   0;    9.900;   0;   3.3;  12.4; 1010.80;   15.3;   75.00;   21.1;    9.8;    8.2;eor
        403;20230811;-999;-999;-999;   10;   0.0;   0;   11.200;   0;   3.1;  14.7; 1011.80;   17.9;   74.00;   24.5;   10.3;    8.9;eor
        403;20230812;-999;-999;-999;   10;   0.1;   6;    4.500;   0;   5.7;  19.6; 1007.20;   21.2;   79.00;   27.9;   15.2;   13.5;eor
        403;20230813;-999;-999;-999;   10;   0.0;   0;    9.600;   0;   5.7;  17.6; 1008.00;   21.6;   70.00;   26.6;   16.9;   14.8;eor
        403;20230814;-999;-999;-999;   10;  17.6;   6;    9.800;   0;   4.9;  18.7; 1006.70;   22.3;   72.00;   30.5;   14.7;   12.2;eor
        403;20230815;-999;-999;-999;   10;   0.1;   6;    9.900;   0;   4.6;  23.1; 1006.50;   23.8;   80.00;   30.6;   18.0;   16.4;eor
        403;20230816;-999;-999;-999;   10;   0.0;   0;    5.700;   0;   4.8;  21.2; 1010.40;   22.9;   77.00;   27.5;   19.4;   17.8;eor
        403;20230817;-999;-999;-999;   10;  13.8;   6;    4.800;   0;   5.8;  20.0; 1009.80;   21.7;   77.00;   26.9;   18.2;   16.9;eor
        403;20230818;-999;-999;-999;   10;   0.0;   0;   10.900;   0;   3.6;  21.7; 1008.10;   23.8;   76.00;   30.0;   18.5;   17.5;eor
        403;20230819;-999;-999;-999;   10;   0.0;   0;   12.100;   0;   2.7;  22.7; 1008.00;   24.6;   76.00;   31.7;   18.5;   16.5;eor
        403;20230820;-999;-999;-999;   10;   0.0;   0;   10.500;   0;   3.8;  20.2; 1011.30;   23.8;   70.00;   27.9;   19.8;   17.4;eor
        403;20230821;-999;-999;-999;   10;   0.0;   0;    9.800;   0;   4.0;  17.9; 1012.60;   22.3;   69.00;   26.3;   18.6;   16.3;eor
        403;20230822;-999;-999;-999;   10;   0.0;   0;    2.400;   0;   5.5;  17.3; 1010.00;   20.8;   72.00;   24.8;   15.5;   13.4;eor
        403;20230823;-999;-999;-999;   10;   0.0;   0;   13.000;   0;   2.2;  16.5; 1009.40;   19.8;   75.00;   25.8;   13.9;   11.9;eor
        403;20230824;-999;-999;-999;   10;   0.0;   6;   10.200;   0;   5.4;  17.2; 1006.30;   21.4;   70.00;   27.9;   14.8;   12.8;eor
        403;20230825;-999;-999;-999;   10;   0.6;   6;    6.000;   0;   5.1;  20.1;  999.30;   23.0;   72.00;   28.2;   18.9;   16.9;eor
        403;20230826;-999;-999;-999;   10;   0.4;   6;    3.500;   0;   6.0;  17.6; 1000.60;   19.5;   79.00;   25.0;   14.3;   11.5;eor
        403;20230827;-999;-999;-999;   10;   0.4;   6;    0.200;   0;   6.7;  15.7; 1000.50;   16.7;   84.00;   20.5;   12.8;   11.0;eor
        403;20230828;-999;-999;-999;   10;   0.0;   6;    4.300;   0;   5.6;  14.1; 1001.40;   15.8;   79.00;   18.9;   12.4;    8.8;eor
        403;20230829;-999;-999;-999;   10;   8.8;   6;    0.000;   0;   7.8;  15.4;  999.40;   15.1;   90.00;   17.4;   13.5;   13.2;eor
        403;20230830;-999;-999;-999;   10;   0.6;   6;    4.100;   0;   6.4;  14.8;  997.50;   15.5;   85.00;   20.3;   12.2;   10.5;eor
        403;20230831;-999;-999;-999;   10;   3.9;   6;    4.000;   0;   6.0;  13.5;  999.50;   14.0;   85.00;   17.3;   10.6;    8.8;eor
        403;20230901;-999;-999;-999;   10;   0.0;   0;    8.000;   0;   4.0;  13.4; 1004.50;   14.8;   81.00;   20.8;    9.0;    7.2;eor
        403;20230902;-999;-999;-999;   10;   0.0;   0;    7.100;   0;   3.6;  14.7; 1010.70;   15.8;   83.00;   21.6;   10.5;    8.4;eor
        403;20230903;-999;-999;-999;   10;   0.0;   0;    7.300;   0;   6.2;  14.3; 1016.30;   16.4;   79.00;   20.4;   11.8;    9.8;eor
        403;20230904;-999;-999;-999;   10;   0.0;   0;   12.200;   0;   0.8;  15.1; 1018.30;   17.6;   78.00;   25.6;   10.7;    8.8;eor
        403;20230905;-999;-999;-999;   10;   0.0;   0;   12.900;   0;   1.8;  16.3; 1014.30;   19.8;   74.00;   27.7;   12.9;   10.4;eor
        403;20230906;-999;-999;-999;   10;   0.0;   0;   12.900;   0;   0.4;  15.5; 1013.50;   20.2;   71.00;   29.0;   12.5;    9.7;eor
        403;20230907;-999;-999;-999;   10;   0.0;   0;   12.700;   0;   2.1;  15.6; 1014.30;   20.6;   69.00;   28.8;   13.8;    9.8;eor
        403;20230908;-999;-999;-999;   10;   0.0;   0;   12.600;   0;   0.5;  16.0; 1011.30;   20.4;   71.00;   28.8;   13.6;    9.4;eor
        403;20230909;-999;-999;-999;   10;   0.0;   0;   12.500;   0;   2.3;  15.7; 1008.50;   20.9;   70.00;   30.5;   13.3;    9.4;eor
        403;20230910;-999;-999;-999;   10;   0.0;   0;   12.300;   0;   0.3;  15.9; 1007.50;   20.8;   70.00;   30.0;   12.7;    9.2;eor
        403;20230911;-999;-999;-999;   10;   0.0;   0;   12.200;   0;   2.5;  16.8; 1004.40;   21.3;   71.00;   30.6;   13.7;   10.5;eor
        403;20230912;-999;-999;-999;   10;   3.4;   8;   11.000;   0;   3.9;  17.9; 1002.80;   21.3;   73.00;   29.3;   14.4;   11.6;eor
        403;20230913;-999;-999;-999;   10;   4.6;   6;    2.700;   0;   6.9;  18.8; 1004.00;   18.3;   89.00;   22.3;   13.8;   13.2;eor
        403;20230914;-999;-999;-999;   10;   0.0;   0;   10.900;   0;   2.6;  12.7; 1012.50;   14.5;   79.00;   20.1;    9.8;    7.5;eor
        403;20230915;-999;-999;-999;   10;   0.0;   0;   11.900;   0;   0.8;  13.7; 1012.30;   16.1;   79.00;   23.5;    9.4;    6.5;eor
        403;20230916;-999;-999;-999;   10;   0.0;   0;   11.600;   0;   1.5;  14.8; 1007.60;   17.8;   75.00;   26.2;   11.3;    8.1;eor
        403;20230917;-999;-999;-999;   10;   0.0;   0;   11.400;   0;   3.7;  16.6; 1005.80;   19.2;   78.00;   27.4;   12.5;    9.2;eor
        403;20230918;-999;-999;-999;   10;   0.5;   6;    4.400;   0;   5.6;  18.2;  999.20;   19.9;   79.00;   25.7;   14.9;   11.3;eor
        403;20230919;-999;-999;-999;   10;   0.0;   0;    9.000;   0;   4.0;  13.1; 1000.10;   17.7;   65.00;   20.4;   15.0;   11.0;eor
        403;20230920;-999;-999;-999;   10;   0.0;   0;    8.500;   0;   4.4;  14.3; 1000.80;   17.9;   71.00;   24.7;   13.6;   10.2;eor
        403;20230921;-999;-999;-999;   10;   1.8;   6;   10.200;   0;   2.8;  16.0;  993.70;   19.7;   73.00;   28.8;   12.0;    8.4;eor
        403;20230922;-999;-999;-999;   10;   0.3;   6;    0.100;   0;   6.9;  16.7;  994.00;   16.2;   91.00;   18.3;   13.2;   11.1;eor
        403;20230923;-999;-999;-999;   10;   0.0;   0;    6.000;   0;   4.5;  12.7; 1003.90;   14.1;   80.00;   18.5;    9.6;    6.1;eor
        403;20230924;-999;-999;-999;   10;   0.0;   0;    6.300;   0;   2.9;  12.4; 1016.50;   13.3;   83.00;   19.9;    8.6;    4.9;eor
        403;20230925;-999;-999;-999;   10;   0.0;   0;   10.700;   0;   3.3;  13.1; 1016.90;   14.4;   82.00;   22.6;    8.0;    4.0;eor
        403;20230926;-999;-999;-999;   10;   0.0;   0;   10.500;   0;   2.8;  16.3; 1013.20;   17.0;   85.00;   24.9;   10.7;    7.0;eor
        403;20230927;-999;-999;-999;   10;   0.0;   0;    9.700;   0;   2.5;  17.3; 1010.80;   18.4;   84.00;   27.2;   12.1;    8.5;eor
        403;20230928;-999;-999;-999;   10;   0.0;   0;   11.100;   0;   3.3;  16.2; 1007.80;   18.3;   80.00;   27.0;   12.0;    8.9;eor
        403;20230929;-999;-999;-999;   10;   0.1;   6;    2.700;   0;   6.3;  17.3; 1007.30;   18.2;   84.00;   22.4;   12.6;    9.5;eor
        403;20230930;-999;-999;-999;   10;   0.0;   0;    7.500;   0;   4.2;  13.0; 1014.40;   14.7;   79.00;   19.3;   11.0;    7.2;eor
        403;20231001;-999;-999;-999;   10;   0.0;   6;    3.000;   0;   7.3;  13.2; 1013.70;   15.5;   76.00;   19.8;   11.5;   11.1;eor
        403;20231002;-999;-999;-999;   10;   0.0;   6;    9.200;   0;   5.9;  16.2; 1010.30;   18.8;   77.00;   25.7;   13.2;    9.7;eor
        403;20231003;-999;-999;-999;   10;  11.3;   6;    2.200;   0;   5.5;  15.3; 1003.00;   17.3;   80.00;   24.2;   12.5;    8.8;eor
        403;20231004;-999;-999;-999;   10;   0.0;   6;    5.500;   0;   5.2;  12.3; 1013.20;   14.0;   78.00;   17.5;   11.4;    8.3;eor
        403;20231005;-999;-999;-999;   10;   1.6;   6;    1.500;   0;   6.0;  12.4; 1011.90;   12.2;   87.00;   16.2;    9.3;    6.9;eor
        403;20231006;-999;-999;-999;   10;   1.0;   6;    2.200;   0;   7.0;  13.8; 1011.40;   14.6;   84.00;   17.9;    9.7;    9.7;eor
        403;20231007;-999;-999;-999;   10;  14.8;   6;    0.000;   0;   7.8;  15.1; 1005.50;   15.6;   86.00;   18.2;   10.8;   11.2;eor
        403;20231008;-999;-999;-999;   10;   3.5;   6;    8.900;   0;   6.0;  10.2; 1014.10;   11.6;   76.00;   15.3;    9.5;    8.0;eor
        403;20231009;-999;-999;-999;   10;   2.3;   6;    0.000;   0;   8.0;  11.8; 1008.80;   10.1;   95.00;   11.3;    9.0;    9.6;eor
        403;20231010;-999;-999;-999;   10;   0.0;   6;    0.800;   0;   6.9;  14.9; 1008.20;   13.8;   94.00;   16.8;   10.3;   11.0;eor
        403;20231011;-999;-999;-999;   10;   2.3;   6;    7.900;   0;   6.5;  14.9; 1001.70;   17.9;   75.00;   23.4;   12.9;   10.0;eor
        403;20231012;-999;-999;-999;   10;   1.4;   6;    0.200;   0;   7.4;  14.2; 1003.10;   14.9;   84.00;   20.7;   12.1;   12.2;eor
        403;20231013;-999;-999;-999;   10;   2.0;   6;    1.900;   0;   7.3;  16.5;  999.00;   17.5;   84.00;   21.5;   12.7;   13.1;eor
        403;20231014;-999;-999;-999;   10;   0.2;   6;    4.800;   0;   6.3;  11.6;  996.70;   14.3;   70.00;   20.3;    8.6;    6.5;eor
        403;20231015;-999;-999;-999;   10;   0.0;   6;    6.200;   0;   2.7;   8.0; 1005.20;    8.5;   73.00;   11.3;    6.2;    4.7;eor
        403;20231016;-999;-999;-999;   10;   0.0;   6;    5.000;   0;   3.7;   8.4; 1010.40;    7.0;   85.00;   11.3;    3.2;    2.0;eor
        403;20231017;-999;-999;-999;   10;   0.0;   0;    1.900;   0;   5.1;   8.2; 1011.40;    6.5;   87.00;   11.8;    1.4;    0.3;eor
        403;20231018;-999;-999;-999;   10;   0.0;   6;    9.200;   0;   3.8;   7.6; 1004.50;    6.2;   82.00;   12.9;   -0.1;   -1.0;eor
        403;20231019;-999;-999;-999;   10;   4.4;   6;    0.000;   0;   7.9;   9.0;  990.10;    6.7;   91.00;    7.3;    5.7;    4.2;eor
        403;20231020;-999;-999;-999;   10;   5.5;   6;    0.000;   0;   7.9;   9.2;  982.10;    5.9;   99.00;    6.8;    4.8;    5.1;eor
        403;20231021;-999;-999;-999;   10;   0.4;   6;    3.800;   0;   5.8;  11.9;  988.60;   10.8;   92.00;   18.8;    6.6;    6.3;eor
        403;20231022;-999;-999;-999;   10;   0.0;   6;    4.000;   0;   6.5;  12.6;  998.70;   12.6;   87.00;   17.2;    9.9;    7.5;eor
        403;20231023;-999;-999;-999;   10;   0.3;   6;    2.600;   0;   5.1;  11.7; 1004.30;   10.2;   94.00;   15.5;    6.2;    4.0;eor
        403;20231024;-999;-999;-999;   10;  11.5;   6;    0.000;   0;   7.4;  13.0;  996.40;   11.3;   97.00;   13.0;    9.1;    7.6;eor
        403;20231025;-999;-999;-999;   10;  10.1;   6;    3.300;   0;   7.0;  12.4;  991.30;   10.9;   95.00;   14.3;    9.1;    6.7;eor
        403;20231026;-999;-999;-999;   10;   1.2;   6;    0.000;   0;   8.0;  12.0;  985.20;    9.8;   99.00;   10.7;    9.3;    9.4;eor
        403;20231027;-999;-999;-999;   10;   7.1;   6;    0.000;   0;   8.0;  11.7;  985.20;    9.5;   99.00;   10.1;    8.7;    9.1;eor
        403;20231028;-999;-999;-999;   10;   7.3;   6;    0.500;   0;   7.0;  12.1;  990.40;   10.1;   98.00;   12.5;    8.0;    5.4;eor
        403;20231029;-999;-999;-999;   10;   4.2;   6;    0.200;   0;   7.1;  12.6;  990.60;   11.7;   92.00;   14.7;    8.4;    6.0;eor
        403;20231030;-999;-999;-999;   10;   1.8;   6;    1.600;   0;   6.9;  12.5;  992.70;   12.6;   86.00;   15.5;   10.7;    8.5;eor
        403;20231031;-999;-999;-999;   10;   4.1;   6;    0.700;   0;   6.9;  11.5;  989.00;   10.8;   88.00;   13.1;    7.0;    5.5;eor
        403;20231101;-999;-999;-999;   10;   0.0;   6;    3.100;   0;   6.2;  10.6;  995.60;   10.2;   84.00;   15.1;    6.5;    6.0;eor
        403;20231102;-999;-999;-999;   10;   2.8;   6;    1.100;   0;   6.7;  11.1;  982.70;   10.4;   89.00;   13.3;    6.2;    3.2;eor
        403;20231103;-999;-999;-999;   10;   0.1;   6;    1.600;   0;   7.2;  10.4;  977.50;    9.4;   88.00;   11.4;    7.7;    6.1;eor
        403;20231104;-999;-999;-999;   10;   2.1;   6;    5.500;   0;   5.6;   8.5;  978.30;    8.5;   77.00;   12.0;    5.8;    3.4;eor
        403;20231105;-999;-999;-999;   10;   6.2;   6;    1.000;   0;   7.3;  10.9;  971.80;   10.1;   89.00;   13.0;    8.0;    5.7;eor
        403;20231106;-999;-999;-999;   10;   0.0;   6;    2.100;   0;   5.8;   9.6;  990.30;   11.0;   74.00;   13.7;    8.4;    4.9;eor
        403;20231107;-999;-999;-999;   10;   0.0;   6;    4.100;   0;   4.0;   9.7;  999.90;    9.4;   83.00;   12.9;    7.2;    4.1;eor
        403;20231108;-999;-999;-999;   10;   0.4;   6;    1.900;   0;   5.4;   9.2; 1001.90;    8.5;   83.00;   11.7;    6.3;    2.5;eor
        403;20231109;-999;-999;-999;   10;   0.0;   6;    0.000;   0;   6.8;   8.9;  995.10;    9.6;   75.00;   12.2;    6.5;    2.8;eor
        403;20231110;-999;-999;-999;   10;   0.0;   6;    0.900;   0;   5.5;   9.1;  990.60;    8.6;   82.00;   10.8;    4.5;    0.6;eor
        403;20231111;-999;-999;-999;   10;   1.3;   6;    0.800;   0;   6.2;   8.6;  992.10;    5.6;   94.00;    8.1;    2.2;   -0.9;eor
        403;20231112;-999;-999;-999;   10;   0.3;   6;    0.100;   0;   6.8;   9.0;  997.10;    6.2;   95.00;    7.9;    4.0;    0.9;eor
        403;20231113;-999;-999;-999;   10;   5.3;   6;    5.700;   0;   6.5;   8.7;  995.70;    6.9;   87.00;    9.4;    4.5;    2.3;eor
        403;20231114;-999;-999;-999;   10;   2.8;   6;    0.900;   0;   5.8;  10.7;  989.50;   10.8;   83.00;   13.2;    8.3;    6.2;eor
        403;20231115;-999;-999;-999;   10;   3.2;   6;    0.900;   0;   6.9;   9.5;  999.20;    7.3;   92.00;    9.6;    3.9;    1.4;eor
        403;20231116;-999;-999;-999;   10;   0.4;   6;    2.200;   0;   5.6;   8.4; 1001.30;    6.0;   90.00;    9.1;    0.8;   -1.7;eor
        403;20231117;-999;-999;-999;   10;   0.4;   6;    0.000;   0;   7.5;   7.3; 1005.30;    3.9;   90.00;    5.3;    1.3;   -0.3;eor
        403;20231118;-999;-999;-999;   10;   7.1;   6;    1.600;   0;   7.2;   7.6; 1013.00;    4.3;   91.00;    6.4;    3.4;    1.3;eor
        403;20231119;-999;-999;-999;   10;  12.0;   6;    0.900;   0;   7.2;  10.0;  997.90;    7.9;   93.00;   12.0;    3.9;    3.3;eor
        403;20231120;-999;-999;-999;   10;  10.7;   6;    0.000;   0;   7.7;  11.7;  996.30;    9.4;   99.00;   10.5;    8.1;    8.0;eor
        403;20231121;-999;-999;-999;   10;   0.2;   6;    0.000;   0;   7.0;   7.2; 1006.20;    3.6;   90.00;    8.2;    0.5;   -1.6;eor
        403;20231122;-999;-999;-999;   10;   0.0;   8;    6.200;   0;   5.1;   4.6; 1017.50;   -0.1;   76.00;    2.8;   -2.4;   -4.5;eor
        403;20231123;-999;-999;-999;   10;   5.2;   8;    0.000;   0;   8.0;   9.1;  999.90;    7.1;   87.00;   11.2;    0.7;    0.7;eor
        403;20231124;-999;-999;-999;   10;   2.4;   8;    1.300;   0;   6.0;   6.8;  988.60;    4.2;   83.00;    7.7;    0.5;   -0.5;eor
        403;20231125;-999;-999;-999;   10;   0.5;   8;    0.900;   0;   6.4;   6.2;  994.30;    1.0;   94.00;    2.7;    0.1;   -1.4;eor
        403;20231126;-999;-999;-999;   10;   0.0;   7;    4.500;   0;   5.7;   5.1; 1001.80;   -0.6;   88.00;    1.4;   -1.9;   -3.2;eor
        403;20231127;-999;-999;-999;   10;   4.0;   8;    0.000;   0;   7.6;   5.9;  995.40;    0.1;   96.00;    2.0;   -1.8;   -2.2;eor
        403;20231128;-999;-999;-999;   10;   0.1;   7;    2.400;   4;   5.7;   5.0;  991.50;   -1.8;   93.00;   -0.5;   -4.7;   -7.5;eor
        403;20231129;-999;-999;-999;   10;   1.9;   8;    0.000;   3;   7.4;   5.3;  991.80;   -1.3;   95.00;    0.6;   -4.0;   -5.2;eor
        403;20231130;-999;-999;-999;   10;   0.0;   0;    2.100;   7;   5.0;   4.6;  993.80;   -2.9;   94.00;    1.5;   -5.8;   -9.7;eor
        403;20231201;-999;-999;-999;   10;   0.0;   7;    5.500;   6;   5.7;   4.1;  996.90;   -4.8;   95.00;   -2.3;   -6.2;  -10.0;eor
        403;20231202;-999;-999;-999;   10;   0.1;   7;    0.000;   5;   8.0;   4.3; 1001.30;   -4.7;   98.00;   -1.7;   -7.7;   -7.0;eor
        403;20231203;-999;-999;-999;   10;   0.1;   7;    0.000;   6;   7.0;   4.8; 1010.50;   -2.6;   94.00;   -1.6;   -6.4;   -9.7;eor
        403;20231204;-999;-999;-999;   10;   0.0;   7;    0.000;   6;   6.5;   4.5; 1007.00;   -3.0;   91.00;   -0.8;   -6.8;   -9.8;eor
        403;20231205;-999;-999;-999;   10;   1.5;   8;    0.000;   6;   7.8;   5.1;  999.90;   -1.2;   90.00;    0.0;   -3.3;   -5.4;eor
        403;20231206;-999;-999;-999;   10;   2.1;   8;    0.000;   6;   8.0;   6.3; 1002.50;    0.6;   99.00;    1.3;    0.0;   -0.1;eor
        403;20231207;-999;-999;-999;   10;   0.0;   8;    0.000;   3;   8.0;   6.6; 1009.50;    1.0;  100.00;    1.6;    0.5;    0.3;eor
        403;20231208;-999;-999;-999;   10;   0.4;   8;    0.400;   3;   7.8;   6.3; 1004.10;    0.9;   97.00;    1.2;    0.4;   -0.9;eor
        403;20231209;-999;-999;-999;   10;   4.1;   6;    0.300;   2;   7.5;   7.3;  999.40;    2.8;   98.00;    5.5;    1.0;    0.4;eor
        403;20231210;-999;-999;-999;   10;   8.6;   6;    0.100;   0;   7.7;   8.7;  992.40;    5.3;   97.00;    7.3;    2.2;    0.0;eor
        403;20231211;-999;-999;-999;   10;  17.8;   6;    0.100;   0;   7.6;  10.1;  988.40;    7.7;   97.00;    8.9;    5.7;    5.3;eor
        403;20231212;-999;-999;-999;   10;   3.9;   6;    1.800;   0;   6.9;   8.9;  996.20;    5.6;   98.00;    8.1;    2.9;    0.2;eor
        403;20231213;-999;-999;-999;   10;   7.2;   6;    0.000;   0;   8.0;   8.5;  991.00;    4.6;  100.00;    5.4;    3.4;    2.6;eor
        403;20231214;-999;-999;-999;   10;   0.0;   8;    0.000;   0;   8.0;   7.4; 1005.20;    3.2;   96.00;    4.0;    2.0;    1.4;eor
        403;20231215;-999;-999;-999;   10;   0.6;   6;    0.000;   0;   7.8;   7.8; 1020.70;    3.3;   99.00;    6.2;    0.8;   -1.7;eor
        403;20231216;-999;-999;-999;   10;   0.0;   6;    2.200;   0;   7.5;   9.0; 1024.80;    7.5;   87.00;    8.7;    6.1;    4.7;eor
        403;20231217;-999;-999;-999;   10;   0.0;   0;    2.000;   0;   6.3;   9.3; 1022.10;    7.7;   88.00;    9.9;    3.5;   -0.1;eor
        403;20231218;-999;-999;-999;   10;   0.0;   6;    0.000;   0;   6.5;   8.2; 1017.30;    6.0;   88.00;    7.6;    2.9;   -0.7;eor
        403;20231219;-999;-999;-999;   10;   8.2;   6;    0.000;   0;   8.0;   8.5; 1006.30;    6.2;   90.00;    6.8;    4.9;    4.4;eor
        403;20231220;-999;-999;-999;   10;   8.0;   6;    0.000;   0;   6.6;   8.3;  997.40;    5.3;   93.00;    6.4;    3.9;    2.8;eor
        403;20231221;-999;-999;-999;   10;   9.6;   6;    0.000;   0;   6.8;   9.3;  979.20;    6.9;   92.00;    9.5;    4.1;    3.5;eor
        403;20231222;-999;-999;-999;   10;   4.6;   8;    3.200;   0;   5.6;   6.2;  980.10;    3.5;   80.00;    4.8;    0.2;   -0.6;eor
        403;20231223;-999;-999;-999;   10;  11.5;   8;    0.000;   2;   7.9;   6.5;  990.30;    1.6;   94.00;    2.4;    0.5;    0.0;eor
        403;20231224;-999;-999;-999;   10;  16.8;   6;    0.000;   1;   8.0;  10.1;  989.20;    6.9;   99.00;   12.2;    0.3;    0.1;eor
        403;20231225;-999;-999;-999;   10;  17.0;   6;    1.200;   0;   7.0;  10.3;  992.00;   10.0;   84.00;   11.5;    8.7;    7.7;eor
        403;20231226;-999;-999;-999;   10;   1.0;   6;    2.100;   0;   6.3;   9.3;  997.80;    8.3;   84.00;    9.6;    5.1;    3.6;eor
        403;20231227;-999;-999;-999;   10;   0.1;   6;    5.400;   0;   5.3;   7.0; 1009.30;    4.0;   86.00;    5.3;    2.6;    0.7;eor
        403;20231228;-999;-999;-999;   10;   0.0;   0;    3.300;   0;   6.6;   8.1; 1001.50;    8.4;   74.00;   10.7;    4.1;    0.8;eor
        403;20231229;-999;-999;-999;   10;   4.1;   6;    0.700;   0;   6.5;   8.9;  997.00;    9.5;   75.00;   11.3;    7.1;    6.3;eor
        403;20231230;-999;-999;-999;   10;   0.0;   0;    0.100;   0;   5.3;   8.1; 1000.70;    6.1;   86.00;    7.8;    3.4;    0.3;eor
        403;20231231;-999;-999;-999;   10;   0.4;   6;    0.000;   0;   6.8;   8.2;  997.20;    5.9;   88.00;    7.8;    3.2;    0.1;eor
        403;20240101;-999;-999;-999;   10;   1.0;   6;    0.600;   0;   7.1;   8.2;  995.40;    6.2;   86.00;    8.2;    4.0;    0.2;eor
        403;20240102;-999;-999;-999;   10;  11.9;   6;    0.000;   0;   7.3;   8.4;  989.10;    4.8;   97.00;    8.0;    2.4;    0.1;eor
        403;20240103;-999;-999;-999;   10;   1.4;   6;    0.200;   0;   6.4;   9.9;  980.10;    9.4;   84.00;   11.3;    8.0;    6.2;eor
        403;20240104;-999;-999;-999;   10;   4.4;   8;    0.000;   0;   7.3;   7.3;  988.30;    4.1;   88.00;    8.9;   -0.3;   -2.1;eor
        403;20240105;-999;-999;-999;   10;   5.1;   8;    0.000;   0;   7.8;   6.1;  995.70;    0.5;   96.00;    1.0;   -0.1;   -0.1;eor
        403;20240106;-999;-999;-999;   10;   0.0;   8;    0.000;   0;   8.0;   5.7; 1001.40;   -0.2;   94.00;    0.9;   -1.5;   -1.2;eor
        403;20240107;-999;-999;-999;   10;   0.0;   7;    0.000;   0;   6.0;   4.0; 1012.90;   -2.2;   75.00;   -0.4;   -7.2;   -7.7;eor
        403;20240108;-999;-999;-999;   10;   0.0;   0;    7.400;   0;   0.5;   2.6; 1023.10;   -6.6;   71.00;   -4.1;   -8.1;  -10.0;eor
        403;20240109;-999;-999;-999;   10;   0.0;   0;    7.700;   0;   0.0;   2.7; 1027.10;   -7.5;   77.00;   -3.4;  -10.6;  -11.4;eor
        403;20240110;-999;-999;-999;   10;   0.0;   0;    7.700;   0;   0.0;   2.9; 1023.40;   -6.2;   76.00;   -0.7;   -9.4;  -10.6;eor
        403;20240111;-999;-999;-999;   10;   0.1;   8;    0.000;   0;   6.9;   4.7; 1020.00;   -3.5;   98.00;    0.1;   -8.2;   -8.6;eor
        403;20240112;-999;-999;-999;   10;   0.4;   8;    0.000;   0;   8.0;   6.0; 1017.80;   -0.1;  100.00;    1.3;   -1.1;   -0.9;eor
        403;20240113;-999;-999;-999;   10;   4.2;   8;    0.000;   0;   8.0;   6.8; 1005.00;    2.0;   97.00;    2.9;    1.3;    0.9;eor
        403;20240114;-999;-999;-999;   10;   0.5;   8;    0.000;   0;   7.5;   6.7;  992.30;    2.4;   92.00;    3.3;    1.7;    0.5;eor
        403;20240115;-999;-999;-999;   10;   3.0;   8;    0.100;   0;   7.3;   5.8;  984.40;    1.3;   86.00;    2.9;   -0.9;   -1.9;eor
        403;20240116;-999;-999;-999;   10;   0.4;   7;    0.000;   4;   7.0;   5.3;  995.10;   -0.9;   93.00;    0.8;   -3.0;   -6.8;eor
        403;20240117;-999;-999;-999;   10;   0.8;   7;    3.200;   4;   5.1;   4.6;  985.80;   -2.3;   88.00;   -0.1;   -4.9;  -10.1;eor
        403;20240118;-999;-999;-999;   10;   0.0;   0;    2.300;   4;   4.5;   4.8;  987.70;   -2.2;   92.00;   -0.3;   -4.0;  -10.3;eor
        403;20240119;-999;-999;-999;   10;   0.0;   8;    6.900;   4;   2.3;   4.8; 1004.60;   -0.7;   83.00;    2.4;   -5.7;   -9.7;eor
        403;20240120;-999;-999;-999;   10;   0.0;   0;    4.100;   4;   3.8;   5.1; 1015.30;    0.6;   80.00;    3.6;   -3.5;   -7.1;eor
        403;20240121;-999;-999;-999;   10;   0.0;   6;    1.200;   4;   5.9;   3.7; 1014.60;   -0.4;   63.00;    3.0;   -4.9;   -7.8;eor
        403;20240122;-999;-999;-999;   10;   3.6;   6;    0.000;   4;   6.8;   7.8; 1000.50;    6.6;   79.00;   10.0;    2.3;    0.2;eor
        403;20240123;-999;-999;-999;   10;   4.8;   6;    0.700;   0;   6.0;   7.4; 1008.10;    6.0;   79.00;    8.4;    4.0;    0.8;eor
        403;20240124;-999;-999;-999;   10;   2.7;   6;    1.300;   0;   6.8;   9.2; 1000.90;    8.8;   81.00;   11.2;    4.5;    3.9;eor
        403;20240125;-999;-999;-999;   10;   0.0;   0;    0.700;   0;   6.4;   7.5; 1011.50;    7.3;   74.00;    8.6;    2.3;   -0.8;eor
        403;20240126;-999;-999;-999;   10;   3.8;   6;    0.000;   0;   6.3;   7.9; 1010.90;    4.9;   90.00;    9.3;    0.2;   -2.3;eor
        403;20240127;-999;-999;-999;   10;   0.0;   0;    2.600;   0;   4.6;   7.0; 1021.40;    4.9;   81.00;    6.9;    2.2;   -1.3;eor
        403;20240128;-999;-999;-999;   10;   0.0;   0;    8.400;   0;   1.4;   6.0; 1024.50;    2.2;   86.00;    8.4;   -1.9;   -3.8;eor
        403;20240129;-999;-999;-999;   10;   0.0;   0;    7.000;   0;   4.5;   5.4; 1019.60;    3.0;   74.00;   10.2;   -1.1;   -4.1;eor
        403;20240130;-999;-999;-999;   10;   0.0;   6;    2.000;   0;   6.0;   6.5; 1018.30;    4.7;   76.00;    8.2;    0.5;   -2.4;eor
        403;20240131;-999;-999;-999;   10;   1.4;   6;    0.200;   0;   7.3;   7.2; 1019.10;    5.8;   78.00;    8.7;    4.5;    2.2;eor
        403;20240201;-999;-999;-999;   10;   0.1;   6;    4.900;   0;   5.3;   7.2; 1013.20;    6.2;   76.00;    8.4;    4.3;    2.8;eor
        403;20240202;-999;-999;-999;   10;   0.0;   6;    0.000;   0;   7.4;   7.8; 1012.60;    6.3;   82.00;    8.5;    4.2;    2.7;eor
        403;20240203;-999;-999;-999;   10;   2.2;   6;    0.000;   0;   7.6;  10.7; 1007.80;    9.4;   91.00;   10.7;    7.6;    6.1;eor
        403;20240204;-999;-999;-999;   10;  13.0;   6;    0.200;   0;   7.0;   8.3; 1004.50;    7.3;   82.00;    8.4;    5.8;    4.1;eor
        403;20240205;-999;-999;-999;   10;   2.0;   6;    0.000;   0;   8.0;  10.4;  999.60;    9.8;   86.00;   10.4;    7.0;    6.7;eor
        403;20240206;-999;-999;-999;   10;  10.5;   6;    0.000;   0;   7.9;   9.4;  994.60;   10.2;   76.00;   11.7;    8.6;    8.0;eor
        403;20240207;-999;-999;-999;   10;   0.0;   6;    0.600;   0;   7.1;   6.8;  991.90;    4.0;   83.00;    8.9;   -1.2;   -3.0;eor
        403;20240208;-999;-999;-999;   10;   6.1;   8;    0.100;   0;   7.0;   6.2;  992.10;    0.8;   96.00;    3.9;   -2.0;   -3.3;eor
        403;20240209;-999;-999;-999;   10;   8.2;   6;    0.000;   0;   7.9;   7.9;  982.30;    3.4;  100.00;    7.2;    0.5;    0.2;eor
        403;20240210;-999;-999;-999;   10;   1.3;   6;    1.900;   0;   7.3;  11.4;  981.70;    9.3;   97.00;   14.0;    6.8;    4.5;eor
        403;20240211;-999;-999;-999;   10;   9.8;   6;    0.000;   0;   7.9;  10.5;  981.50;    7.9;   98.00;    9.2;    6.3;    6.2;eor
        403;20240212;-999;-999;-999;   10;   0.6;   6;    0.800;   0;   6.6;   9.3;  990.90;    6.9;   93.00;   10.0;    4.4;    2.3;eor
        403;20240213;-999;-999;-999;   10;   0.0;   0;    3.300;   0;   4.7;   7.4; 1006.40;    5.2;   84.00;    9.0;    1.7;   -1.8;eor
        403;20240214;-999;-999;-999;   10;   3.7;   6;    0.000;   0;   7.3;   9.0; 1007.70;    6.0;   94.00;    9.7;    1.6;   -0.6;eor
        403;20240215;-999;-999;-999;   10;   0.0;   6;    0.000;   0;   7.5;  12.4; 1007.60;   10.9;   95.00;   13.4;    8.7;    5.1;eor
        403;20240216;-999;-999;-999;   10;   2.1;   6;    2.600;   0;   6.0;  11.6; 1005.00;   11.9;   85.00;   16.3;    7.9;    5.0;eor
        403;20240217;-999;-999;-999;   10;   0.0;   0;    1.800;   0;   6.5;   9.1; 1017.10;    8.8;   79.00;   11.6;    6.2;    5.5;eor
        403;20240218;-999;-999;-999;   10;   4.9;   6;    1.400;   0;   7.0;   8.1; 1018.00;    6.8;   82.00;   10.3;    1.4;   -1.0;eor
        403;20240219;-999;-999;-999;   10;   3.6;   6;    0.400;   0;   7.7;  10.1; 1008.30;    7.8;   95.00;    9.0;    6.1;    6.0;eor
        403;20240220;-999;-999;-999;   10;   1.8;   6;    0.000;   0;   7.6;   9.2; 1012.20;    8.0;   86.00;    8.8;    6.7;    5.3;eor
        403;20240221;-999;-999;-999;   10;   0.0;   6;    1.100;   0;   7.1;   9.2; 1005.10;    8.4;   84.00;   11.6;    6.7;    4.3;eor
        403;20240222;-999;-999;-999;   10;   5.0;   6;    0.800;   0;   7.7;  10.4;  984.60;    9.7;   86.00;   11.9;    7.8;    6.2;eor
        403;20240223;-999;-999;-999;   10;   0.0;   0;    3.800;   0;   6.5;   7.1;  985.60;    7.9;   66.00;   11.4;    2.7;    0.2;eor
        403;20240224;-999;-999;-999;   10;   0.0;   0;    6.700;   0;   4.3;   6.7;  993.20;    5.4;   76.00;   11.0;   -0.3;   -2.6;eor
        403;20240225;-999;-999;-999;   10;   0.0;   0;    7.000;   0;   3.0;   6.4;  996.30;    5.0;   77.00;   13.0;   -0.3;   -2.8;eor
        403;20240226;-999;-999;-999;   10;   0.0;   0;    6.600;   0;   6.1;   7.2;  997.20;    5.8;   80.00;   12.1;   -0.4;   -2.8;eor
        403;20240227;-999;-999;-999;   10;   0.0;   6;    0.000;   0;   7.3;   7.7; 1005.90;    4.7;   90.00;    6.3;    3.2;    1.3;eor
        403;20240228;-999;-999;-999;   10;   0.0;   6;    2.900;   0;   5.6;   6.7; 1011.70;    2.4;   92.00;    4.9;   -1.0;   -3.0;eor
        403;20240229;-999;-999;-999;   10;   0.0;   0;    9.500;   0;   2.8;   7.0; 1006.80;    4.4;   84.00;   10.8;   -2.4;   -4.4;eor
        403;20240301;-999;-999;-999;   10;   0.1;   6;    0.300;   0;   7.5;   9.6;  998.10;    7.4;   93.00;   10.3;    5.2;    1.7;eor
        403;20240302;-999;-999;-999;   10;   0.0;   6;    3.300;   0;   7.0;  10.1;  997.60;    8.7;   90.00;   13.4;    5.9;    3.5;eor
        403;20240303;-999;-999;-999;   10;   0.0;   0;    3.900;   0;   5.5;  10.2;  996.20;   10.2;   83.00;   14.9;    6.7;    3.2;eor
        403;20240304;-999;-999;-999;   10;   0.0;   0;    7.400;   0;   3.5;   9.8; 1000.30;    9.4;   84.00;   13.9;    5.7;    1.4;eor
        403;20240305;-999;-999;-999;   10;   0.0;   0;    7.800;   0;   3.6;   6.4; 1007.10;    4.9;   74.00;    8.5;   -0.5;   -3.0;eor
        403;20240306;-999;-999;-999;   10;   0.0;   6;    5.500;   0;   4.0;   6.7; 1014.50;    4.0;   83.00;    8.4;   -1.2;   -3.7;eor
        403;20240307;-999;-999;-999;   10;   0.0;   0;   10.500;   0;   2.1;   6.0; 1016.50;    5.0;   69.00;    9.0;   -0.3;   -3.6;eor
        403;20240308;-999;-999;-999;   10;   0.0;   0;   10.800;   0;   0.0;   5.1; 1010.60;    3.8;   66.00;    9.8;   -1.4;   -4.3;eor
        403;20240309;-999;-999;-999;   10;   0.0;   0;    5.600;   0;   2.7;   6.5; 1000.40;    5.4;   73.00;   10.2;   -0.3;   -3.4;eor
        403;20240310;-999;-999;-999;   10;   0.0;   6;    4.700;   0;   5.5;   8.0;  994.20;    8.2;   74.00;   12.6;    2.5;   -0.9;eor
        403;20240311;-999;-999;-999;   10;   0.0;   0;    1.100;   0;   6.8;   9.2;  995.20;    9.9;   77.00;   13.6;    4.5;    1.4;eor
        403;20240312;-999;-999;-999;   10;   0.0;   0;    7.900;   0;   6.3;   8.4; 1003.80;    9.0;   76.00;   14.9;    3.3;    0.7;eor
        403;20240313;-999;-999;-999;   10;   0.4;   6;    9.900;   0;   3.8;   8.6; 1006.80;    9.5;   74.00;   14.7;    4.0;    0.7;eor
        403;20240314;-999;-999;-999;   10;   0.0;   0;    1.000;   0;   6.5;  10.9; 1004.90;   10.8;   85.00;   15.2;    7.3;    2.9;eor
        403;20240315;-999;-999;-999;   10;   0.0;   6;    6.900;   0;   6.3;  11.1; 1000.10;   12.2;   80.00;   18.9;    7.2;    2.9;eor
        403;20240316;-999;-999;-999;   10;   1.9;   6;    2.900;   0;   4.8;   9.3; 1004.70;    9.3;   79.00;   13.6;    4.2;    1.4;eor
        403;20240317;-999;-999;-999;   10;   0.0;   0;    9.500;   0;   2.2;   5.9; 1013.80;    4.7;   70.00;    9.2;    0.6;   -2.5;eor
        403;20240318;-999;-999;-999;   10;   0.0;   0;   11.600;   0;   3.7;   4.8; 1011.90;    2.6;   68.00;    8.3;   -1.8;   -4.4;eor
        403;20240319;-999;-999;-999;   10;   0.0;   0;   10.000;   0;   3.9;   5.0; 1012.90;    4.0;   64.00;   10.7;   -3.0;   -5.3;eor
        403;20240320;-999;-999;-999;   10;   0.6;   6;    8.100;   0;   6.5;   7.2; 1010.70;   10.3;   58.00;   18.0;    2.4;   -0.8;eor
        403;20240321;-999;-999;-999;   10;   8.1;   6;    2.100;   0;   7.3;  10.6; 1010.00;   10.0;   86.00;   14.8;    6.1;    3.8;eor
        403;20240322;-999;-999;-999;   10;   6.6;   6;    0.100;   0;   7.9;  10.5; 1005.40;    9.3;   90.00;   12.8;    6.3;    4.4;eor
        403;20240323;-999;-999;-999;   10;   7.2;   8;    3.200;   0;   6.4;   8.3;  996.40;    5.6;   91.00;    8.3;    2.5;    0.9;eor
        403;20240324;-999;-999;-999;   10;   6.4;   6;    4.200;   0;   6.2;   7.6;  991.20;    4.8;   88.00;    8.4;    1.4;   -0.8;eor
        403;20240325;-999;-999;-999;   10;   1.2;   6;    1.700;   0;   6.5;   8.0;  994.40;    5.7;   89.00;   10.1;    0.6;   -1.4;eor
        403;20240326;-999;-999;-999;   10;   0.0;   0;    9.300;   0;   5.4;   6.8;  990.20;    7.4;   70.00;   14.2;    0.0;   -2.4;eor
        403;20240327;-999;-999;-999;   10;   0.0;   6;    9.400;   0;   5.3;   8.2;  979.60;   11.5;   62.00;   18.3;    4.6;    0.1;eor
        403;20240328;-999;-999;-999;   10;   0.2;   6;    3.300;   0;   6.5;   8.7;  979.90;   10.0;   72.00;   15.0;    7.6;    3.7;eor
        403;20240329;-999;-999;-999;   10;   0.2;   6;    1.900;   0;   6.1;   9.0;  990.90;   10.4;   72.00;   16.0;    5.0;    1.0;eor
        403;20240330;-999;-999;-999;   10;   0.0;   0;    6.600;   0;   5.3;  10.9;  990.50;   14.0;   72.00;   23.2;    6.5;    3.6;eor
        403;20240331;-999;-999;-999;   10;   0.0;   0;    6.900;   0;   5.6;  11.8;  988.90;   13.3;   78.00;   19.1;    8.6;    5.9;eor
        403;20240401;-999;-999;-999;    3;   1.9;   6;    2.700;   0;   6.1;  11.4;  986.00;   12.9;   79.00;   20.3;    8.7;    5.2;eor
        403;20240402;-999;-999;-999;    3;   1.4;   6;    5.500;   0;   6.2;   9.3;  993.70;   11.3;   70.00;   14.3;    8.5;    6.4;eor
        403;20240403;-999;-999;-999;    3;   3.5;   6;    0.300;   0;   7.7;  11.1;  997.50;   10.3;   89.00;   12.0;    8.5;    8.0;eor
        403;20240404;-999;-999;-999;    3;   2.8;   6;    4.300;   0;   6.3;  11.7;  998.30;   11.8;   85.00;   14.8;    9.0;    7.1;eor
        403;20240405;-999;-999;-999;    3;   1.5;   6;    4.800;   0;   6.8;  12.3; 1002.20;   14.6;   74.00;   18.8;   10.3;    8.0;eor
        403;20240406;-999;-999;-999;    3;   0.0;   0;    8.500;   0;   5.6;  13.8; 1005.30;   16.5;   76.00;   23.7;   10.0;    7.1;eor
        403;20240407;-999;-999;-999;    3;   0.0;   6;    8.000;   0;   6.2;  12.8; 1005.20;   17.8;   66.00;   23.7;   11.8;    7.6;eor
        403;20240408;-999;-999;-999;    3;   0.0;   6;    6.900;   0;   4.9;  14.1; 1000.90;   18.9;   67.00;   26.9;   13.7;   10.5;eor
        403;20240409;-999;-999;-999;    3;   0.2;   6;    6.200;   0;   5.2;  13.5;  999.90;   17.1;   71.00;   26.2;   11.0;    9.6;eor
        403;20240410;-999;-999;-999;    3;   0.0;   0;    2.500;   0;   5.5;   9.1; 1016.20;   11.3;   69.00;   14.8;    5.5;    2.6;eor
        403;20240411;-999;-999;-999;    3;   0.0;   0;    6.400;   0;   4.6;   8.7; 1021.90;   11.9;   66.00;   16.8;    4.2;    1.2;eor
        403;20240412;-999;-999;-999;    3;   0.0;   0;    2.800;   0;   7.5;  12.8; 1019.60;   15.7;   72.00;   20.0;   12.7;    8.2;eor
        403;20240413;-999;-999;-999;    3;   0.0;   0;   11.200;   0;   6.5;  13.2; 1013.00;   16.9;   71.00;   22.5;   10.4;    6.2;eor
        403;20240414;-999;-999;-999;    3;   0.0;   6;    6.600;   0;   6.0;   9.1; 1007.40;   14.3;   55.00;   17.1;    7.5;    4.9;eor
        403;20240415;-999;-999;-999;    3;   2.5;   6;    4.500;   0;   6.3;   8.6;  996.90;   10.3;   69.00;   14.8;    5.7;    4.8;eor
        403;20240416;-999;-999;-999;    3;   1.2;   6;    1.300;   0;   6.6;   7.7;  991.30;    6.7;   79.00;   10.0;    3.0;    1.5;eor
        403;20240417;-999;-999;-999;    3;   0.0;   6;    5.700;   0;   4.3;   6.7;  998.60;    6.4;   72.00;   11.6;    2.4;    0.8;eor
        403;20240418;-999;-999;-999;    3;   0.0;   6;    9.300;   0;   3.9;   6.2; 1004.90;    6.8;   66.00;   11.9;    0.1;   -2.3;eor
        403;20240419;-999;-999;-999;    3;   8.1;   6;    0.800;   0;   7.6;   8.4;  995.70;    6.1;   89.00;    8.8;    4.9;    2.8;eor
        403;20240420;-999;-999;-999;    3;   0.0;   8;    4.300;   0;   6.3;   6.5; 1004.50;    5.8;   71.00;   10.1;    1.1;   -1.2;eor
        403;20240421;-999;-999;-999;    3;   0.0;   6;    6.900;   0;   3.5;   5.1; 1013.30;    4.2;   63.00;    9.6;   -0.4;   -3.1;eor
        403;20240422;-999;-999;-999;    3;   2.1;   8;    4.000;   0;   4.5;   5.8; 1014.40;    2.4;   80.00;    6.6;   -1.8;   -3.8;eor
        403;20240423;-999;-999;-999;    3;   0.0;   0;    8.200;   0;   4.4;   5.5; 1008.70;    4.6;   68.00;    9.7;   -1.2;   -3.3;eor
        403;20240424;-999;-999;-999;    3;   0.0;   6;    2.300;   0;   6.8;   6.6;  997.60;    6.5;   69.00;   10.6;    3.2;    0.4;eor
        403;20240425;-999;-999;-999;    3;   0.1;   8;    4.800;   0;   6.2;   7.2;  995.30;    5.8;   80.00;   10.4;    1.6;   -0.3;eor
        403;20240426;-999;-999;-999;    3;   0.0;   0;    8.600;   0;   4.9;   7.1;  997.80;    9.1;   65.00;   15.6;    2.7;    0.6;eor
        403;20240427;-999;-999;-999;    3;   0.0;   0;   12.000;   0;   2.5;   8.5; 1001.50;   12.5;   64.00;   21.8;    2.5;    0.1;eor
        403;20240428;-999;-999;-999;    3;   0.0;   6;   10.200;   0;   5.3;  10.4; 1003.70;   16.3;   58.00;   24.1;    7.0;    3.4;eor
        403;20240429;-999;-999;-999;    3;   0.0;   6;    8.500;   0;   5.5;  10.8; 1012.50;   16.8;   57.00;   22.0;   12.6;    9.1;eor
        403;20240430;-999;-999;-999;    3;   0.0;   0;   13.400;   0;   1.5;  12.1; 1008.30;   19.6;   56.00;   28.3;   11.1;    7.8;eor
        403;20240501;-999;-999;-999;    3;   0.0;   0;   13.317;   0;   2.9;  11.6; 1001.52;   20.5;   49.79;   26.9;   13.9;    8.5;eor
        403;20240502;-999;-999;-999;    3;   0.0;   0;   11.617;   0;   1.8;  11.8;  995.77;   20.4;   50.13;   26.5;   14.4;    9.8;eor
        403;20240503;-999;-999;-999;    3;   0.4;   6;   11.017;   0;   3.3;  13.6; 1000.04;   18.2;   65.79;   23.1;   13.2;    9.7;eor
        403;20240504;-999;-999;-999;    3;   0.0;   0;    9.133;   0;   5.9;  13.0; 1005.65;   16.0;   73.38;   21.3;   11.5;   10.7;eor
        403;20240505;-999;-999;-999;    3;   0.0;   6;    5.950;   0;   4.4;  12.4;  999.25;   15.7;   71.04;   21.6;    9.0;    5.6;eor
        403;20240506;-999;-999;-999;    3;   0.0;   0;   12.167;   0;   4.5;   9.7; 1000.13;   13.5;   65.54;   19.6;    7.1;    3.8;eor
        403;20240507;-999;-999;-999;    3;   0.0;   4;    1.283;   0;   5.9;  10.0; 1008.57;   11.9;   72.42;   16.4;    9.2;    5.2;eor
        403;20240508;-999;-999;-999;    3;   0.0;   0;   11.200;   0;   4.7;   8.0; 1015.57;   13.2;   55.46;   18.9;    7.7;    5.0;eor
        403;20240509;-999;-999;-999;    3;   0.0;   0;   13.533;   0;   4.3;   8.3; 1016.14;   13.7;   55.79;   20.2;    5.7;    2.6;eor
        403;20240510;-999;-999;-999;    3;   0.0;   0;    7.383;   0;   5.7;  10.6; 1013.62;   16.2;   59.67;   22.3;    9.9;    7.8;eor
        403;20240511;-999;-999;-999;    3;   0.0;   0;    4.567;   0;   4.9;  12.0; 1013.55;   15.0;   71.58;   20.8;   10.8;    6.7;eor
        403;20240512;-999;-999;-999;    3;   0.0;   0;   15.083;   0;   1.1;   8.5; 1012.51;   15.5;   51.71;   21.9;    9.1;    4.9;eor
        403;20240513;-999;-999;-999;    3;   0.0;   0;   15.183;   0;   0.7;   7.2; 1007.81;   17.4;   39.21;   24.9;    9.3;    3.9;eor
        403;20240514;-999;-999;-999;    3;   0.0;   0;   15.217;   0;   0.3;   8.0; 1004.21;   18.9;   38.17;   26.0;   10.8;    5.3;eor
        403;20240515;-999;-999;-999;    3;   0.0;   0;   15.017;   0;   1.8;   8.7; 1002.90;   20.0;   38.38;   26.2;   12.2;    6.3;eor
        403;20240516;-999;-999;-999;    3;   0.0;   0;   10.017;   0;   2.3;   9.4; 1001.57;   19.6;   42.17;   26.2;   13.6;    7.7;eor
        403;20240517;-999;-999;-999;    3;   0.0;   0;   12.283;   0;   3.5;   9.4; 1001.00;   19.3;   43.71;   25.7;   14.0;    8.8;eor
        403;20240518;-999;-999;-999;    3;   0.0;   6;    3.867;   0;   6.0;  11.9; 1001.15;   16.3;   64.50;   19.5;   12.6;    7.9;eor
        403;20240519;-999;-999;-999;    3;  11.2;   6;    6.250;   0;   6.0;  14.9; 1000.36;   15.8;   84.00;   21.7;   11.7;    8.3;eor
        403;20240520;-999;-999;-999;    3;   2.4;   6;    9.517;   0;   4.5;  15.5; 1002.27;   15.9;   86.71;   21.9;   11.1;    8.1;eor
        403;20240521;-999;-999;-999;    3;   0.0;   6;   11.583;   0;   5.0;  14.9; 1000.85;   20.7;   64.29;   27.4;   12.5;    8.5;eor
        403;20240522;-999;-999;-999;    3;   8.2;   6;    2.617;   0;   7.1;  16.8;  998.01;   19.6;   74.63;   24.5;   14.9;   14.8;eor
        403;20240523;-999;-999;-999;    3;   0.0;   0;   11.733;   0;   5.8;  14.5; 1004.66;   18.3;   71.54;   23.2;   13.8;   11.0;eor
        403;20240524;-999;-999;-999;    3;  20.2;   6;    9.583;   0;   6.0;  15.6; 1008.65;   18.4;   76.71;   25.4;   12.6;    9.9;eor
        403;20240525;-999;-999;-999;    3;   1.2;   6;    6.983;   0;   6.2;  16.4; 1008.05;   18.2;   80.79;   24.5;   13.5;   11.6;eor
        403;20240526;-999;-999;-999;    3;   0.0;   0;   13.417;   0;   3.9;  16.1; 1008.59;   19.5;   73.42;   25.6;   12.3;   10.3;eor
        403;20240527;-999;-999;-999;    3;   3.1;   6;    4.567;   0;   6.6;  16.3; 1007.26;   19.3;   73.17;   24.2;   15.4;   13.1;eor
        403;20240528;-999;-999;-999;    3;   3.8;   6;    3.967;   0;   6.3;  14.8; 1007.10;   16.0;   82.25;   19.5;   11.6;    8.6;eor
        403;20240529;-999;-999;-999;    3;   0.0;   6;    6.400;   0;   5.6;  13.2; 1003.47;   16.7;   72.25;   23.0;   10.1;    6.9;eor
        403;20240530;-999;-999;-999;    3;   4.4;   6;    2.550;   0;   5.0;  16.6;  996.45;   15.9;   91.88;   19.5;   12.2;    9.3;eor
        403;20240531;-999;-999;-999;    3;   0.0;   0;    6.117;   0;   5.9;  15.3;  998.20;   17.8;   77.25;   23.0;   12.9;   10.1;eor
        403;20240601;-999;-999;-999;    3;   0.7;   6;    9.250;   0;   5.0;  17.1; 1000.88;   20.6;   71.92;   25.9;   15.2;   11.9;eor
        403;20240602;-999;-999;-999;    3;   0.0;   6;   10.250;   0;   4.2;  17.2; 1005.15;   19.2;   77.79;   24.3;   15.4;   13.1;eor
        403;20240603;-999;-999;-999;    3;   0.0;   6;    0.083;   0;   7.2;  12.6; 1007.29;   14.1;   78.46;   16.3;   11.3;    8.3;eor
        403;20240604;-999;-999;-999;    3;   0.0;   0;    3.400;   0;   5.9;  13.0; 1004.39;   15.9;   73.17;   21.1;   11.1;    8.4;eor
        403;20240605;-999;-999;-999;    3;   5.2;   6;    3.283;   0;   5.9;  14.3; 1001.57;   15.4;   82.71;   20.4;   10.3;    7.3;eor
        403;20240606;-999;-999;-999;    3;   0.6;   6;   10.917;   0;   5.4;  11.4; 1007.20;   15.4;   68.38;   20.6;   11.0;    8.4;eor
        403;20240607;-999;-999;-999;    3;   0.0;   0;   10.417;   0;   4.0;  11.3; 1007.75;   15.4;   67.79;   20.3;    9.3;    6.8;eor
        403;20240608;-999;-999;-999;    3;   0.0;   0;   13.400;   0;   2.5;  11.3; 1001.50;   18.2;   59.21;   25.7;    8.2;    6.1;eor
        403;20240609;-999;-999;-999;    3;   0.0;   0;   14.883;   0;   1.9;   9.2;  998.98;   15.3;   55.88;   20.2;   10.3;    6.6;eor
        403;20240610;-999;-999;-999;    3;   1.8;   6;    7.267;   0;   5.0;  10.7;  996.94;   14.2;   68.25;   18.8;    8.6;    5.8;eor
        403;20240611;-999;-999;-999;    3;   0.1;   6;    4.567;   0;   5.2;  10.6; 1000.84;   13.2;   71.29;   17.8;    8.6;    4.8;eor
        403;20240612;-999;-999;-999;    3;   0.2;   6;    8.967;   0;   3.3;  10.1; 1007.17;   12.5;   71.17;   17.6;    7.6;    3.7;eor
        403;20240613;-999;-999;-999;    3;   0.0;   0;   11.583;   0;   4.3;   9.3; 1007.81;   13.7;   62.58;   18.9;    8.7;    5.9;eor
        403;20240614;-999;-999;-999;    3;   1.5;   4;    0.367;   0;   7.0;  12.6; 1003.43;   13.7;   80.79;   20.4;    8.3;    6.0;eor
        403;20240615;-999;-999;-999;    3;   3.0;   6;    4.933;   0;   6.1;  13.5;  997.91;   16.3;   75.38;   22.8;   10.6;    7.4;eor
        403;20240616;-999;-999;-999;    3;   0.0;   6;   11.617;   0;   5.6;  12.1; 1000.60;   18.1;   62.04;   24.8;   10.2;    7.2;eor
        403;20240617;-999;-999;-999;    3;   0.5;   6;    7.300;   0;   6.1;  15.2; 1003.15;   18.8;   71.08;   24.1;   13.5;   10.2;eor
        403;20240618;-999;-999;-999;    3;   8.4;   6;    8.117;   0;   6.4;  16.9; 1004.47;   19.6;   77.50;   27.7;   13.1;   10.1;eor
        403;20240619;-999;-999;-999;    3;   1.6;   6;    2.100;   0;   5.7;  16.5; 1006.31;   16.0;   90.63;   17.7;   12.2;    8.6;eor
        403;20240620;-999;-999;-999;    3;   0.0;   0;   12.233;   0;   5.0;  12.9; 1011.88;   17.3;   68.50;   23.4;    9.3;    6.4;eor
        403;20240621;-999;-999;-999;    3;   3.1;   6;    4.000;   0;   5.6;  19.5; 1003.69;   20.4;   81.29;   26.8;   15.6;   13.0;eor
        403;20240622;-999;-999;-999;    3;  10.0;   6;    5.150;   0;   5.9;  16.5; 1001.00;   18.9;   76.79;   22.7;   14.9;   11.1;eor
        403;20240623;-999;-999;-999;    3;   0.0;   0;    9.283;   0;   4.4;  14.5; 1008.05;   18.5;   69.08;   22.9;   13.4;   10.4;eor
        403;20240624;-999;-999;-999;    3;   0.0;   0;    9.867;   0;   3.9;  14.3; 1010.85;   18.7;   69.21;   25.3;   12.6;   10.1;eor
        403;20240625;-999;-999;-999;    3;   0.0;   0;   13.717;   0;   2.8;  15.0; 1008.88;   21.1;   62.67;   27.2;   14.0;   10.5;eor
        403;20240626;-999;-999;-999;    3;   0.0;   0;   15.117;   0;   1.4;  17.4; 1003.64;   24.7;   57.63;   31.5;   16.7;   13.1;eor
        403;20240627;-999;-999;-999;    3;   0.9;   6;    7.450;   0;   6.5;  20.9;  999.98;   24.9;   67.71;   30.9;   20.5;   17.6;eor
        403;20240628;-999;-999;-999;    3;   0.3;   6;   11.367;   0;   3.5;  18.1; 1003.37;   22.9;   66.42;   28.5;   14.6;   11.6;eor
        403;20240629;-999;-999;-999;    3;   3.9;   6;   13.133;   0;   3.1;  15.6; 1005.56;   23.1;   58.50;   30.0;   13.6;   10.9;eor
        403;20240630;-999;-999;-999;    3;   1.4;   6;    2.000;   0;   6.9;  20.9;  995.80;   21.4;   82.67;   27.3;   16.8;   15.6;eor
        403;20240701;-999;-999;-999;    1;   6.6;   6;    1.017;   0;   6.9;  16.7; 1001.63;   16.9;   87.00;   19.2;   12.9;   11.8;eor
        403;20240702;-999;-999;-999;    1;   4.9;   6;    1.533;   0;   7.0;  15.0; 1001.40;   14.7;   90.25;   16.8;   12.8;   12.1;eor
        403;20240703;-999;-999;-999;    1;   0.0;   6;    1.850;   0;   6.9;  12.3;  999.53;   15.0;   73.25;   18.1;   12.2;   11.8;eor
        403;20240704;-999;-999;-999;    1;   0.6;   6;    5.000;   0;   5.5;  13.7;  997.68;   15.0;   80.63;   19.5;   11.0;    8.3;eor
        403;20240705;-999;-999;-999;    1;   0.0;   0;    7.800;   0;   4.5;  11.5; 1001.03;   16.1;   66.42;   22.0;    8.7;    6.7;eor
        403;20240706;-999;-999;-999;    1;   0.9;   6;   10.150;   0;   6.2;  16.0;  995.95;   21.2;   66.50;   31.8;   12.8;   10.6;eor
        403;20240707;-999;-999;-999;    1;   0.0;   0;   11.883;   0;   5.0;  10.4; 1004.22;   18.3;   51.13;   23.2;   12.0;    9.7;eor
        403;20240708;-999;-999;-999;    1;   0.0;   0;   10.933;   0;   3.9;  11.3; 1008.65;   19.9;   51.83;   26.8;   11.9;    9.4;eor
        403;20240709;-999;-999;-999;    1;   0.0;   0;   13.750;   0;   4.5;  14.9; 1008.44;   24.8;   49.25;   31.6;   17.7;   15.0;eor
        403;20240710;-999;-999;-999;    1;  16.2;   6;    8.517;   0;   5.4;  21.8; 1005.37;   23.4;   76.88;   29.7;   19.6;   16.9;eor
        403;20240711;-999;-999;-999;    1;   0.2;   6;    7.933;   0;   4.8;  20.5; 1006.70;   22.1;   78.71;   26.5;   19.0;   17.8;eor
        403;20240712;-999;-999;-999;    1;  11.4;   6;    0.350;   0;   7.1;  21.5; 1002.43;   20.1;   91.50;   24.8;   18.0;   16.4;eor
        403;20240713;-999;-999;-999;    1;   0.2;   6;    6.217;   0;   5.3;  14.4; 1002.17;   17.7;   73.13;   22.8;   13.0;   12.0;eor
        403;20240714;-999;-999;-999;    1;   1.8;   6;    7.700;   0;   4.6;  15.2; 1004.52;   18.5;   73.88;   23.9;   12.5;   11.4;eor
        403;20240715;-999;-999;-999;    1;   0.0;   6;   13.783;   0;   3.6;  15.0; 1003.46;   22.1;   61.38;   28.9;   14.7;   13.0;eor
        403;20240716;-999;-999;-999;    1;   7.6;   6;    4.567;   0;   5.1;  18.2; 1001.89;   21.3;   72.96;   28.0;   15.7;   14.1;eor
        403;20240717;-999;-999;-999;    1;   0.0;   0;    8.383;   0;   4.7;  15.8; 1009.51;   19.1;   73.67;   24.0;   13.1;   12.6;eor
        403;20240718;-999;-999;-999;    1;   0.0;   0;   13.817;   0;   3.7;  15.1; 1013.98;   19.9;   68.58;   26.1;   13.2;   11.9;eor
        403;20240719;-999;-999;-999;    1;   0.0;   0;   12.817;   0;   2.5;  16.1; 1011.13;   22.0;   64.42;   28.8;   14.3;   13.0;eor
        403;20240720;-999;-999;-999;    1;   0.0;   0;   12.767;   0;   4.8;  16.0; 1003.57;   24.2;   55.92;   30.4;   17.7;   15.5;eor
        403;20240721;-999;-999;-999;    1;   0.0;   6;   10.900;   0;   3.2;  18.1;  999.15;   24.6;   60.71;   32.6;   17.7;   15.2;eor
        403;20240722;-999;-999;-999;    1;   0.0;   6;    2.900;   0;   5.8;  19.3; 1004.25;   20.3;   81.33;   22.7;   14.4;   12.3;eor
        403;20240723;-999;-999;-999;    1;  11.1;   8;    6.883;   0;   5.0;  16.2; 1007.10;   19.2;   76.58;   27.8;   12.4;   11.4;eor
        403;20240724;-999;-999;-999;    1;   0.0;   6;    9.167;   0;   5.3;  16.0; 1006.65;   19.0;   74.33;   23.1;   14.9;   12.3;eor
        403;20240725;-999;-999;-999;    1;   0.0;   0;   13.683;   0;   3.4;  12.4; 1006.15;   17.3;   65.21;   23.0;   12.4;   10.5;eor
        403;20240726;-999;-999;-999;    1;   1.9;   6;    4.917;   0;   6.0;  16.0; 1002.84;   19.6;   71.63;   24.3;   13.1;   11.9;eor
        403;20240727;-999;-999;-999;    1;  27.5;   6;    1.200;   0;   7.9;  20.5; 1004.91;   19.5;   90.71;   23.1;   16.5;   15.1;eor
        403;20240728;-999;-999;-999;    1;   3.0;   6;    8.367;   0;   4.0;  15.8; 1010.52;   18.4;   76.13;   22.9;   14.6;   11.9;eor
        403;20240729;-999;-999;-999;    1;   0.0;   0;   14.767;   0;   1.4;  13.6; 1014.44;   18.0;   68.79;   23.7;   12.6;   11.1;eor
        403;20240730;-999;-999;-999;    1;   0.0;   0;   14.850;   0;   1.2;  14.6; 1009.59;   19.7;   67.58;   27.1;   11.0;    9.9;eor
        403;20240731;-999;-999;-999;    1;   0.0;   0;   10.850;   0;   4.5;  16.8; 1004.99;   22.5;   64.67;   28.9;   14.9;   14.0;eor
        403;20240801;-999;-999;-999;    1;   0.0;   0;   12.917;   0;   4.0;  15.9; 1002.64;   22.8;   58.13;   28.2;   16.9;   14.7;eor
        403;20240802;-999;-999;-999;    1;   0.0;   6;    0.867;   0;   7.6;  15.0; 1001.51;   19.3;   67.08;   21.6;   16.9;   16.2;eor
        403;20240803;-999;-999;-999;    1;  16.1;   6;   10.933;   0;   4.5;  15.7; 1001.93;   19.7;   69.92;   24.9;   14.8;   13.5;eor
        403;20240804;-999;-999;-999;    1;   0.2;   6;    6.083;   0;   7.3;  17.9; 1002.00;   19.5;   80.04;   24.1;   16.4;   14.8;eor
        403;20240805;-999;-999;-999;    1;   0.0;   0;    9.917;   0;   2.9;  13.7; 1005.74;   18.0;   68.67;   23.0;   13.6;   12.5;eor
        403;20240806;-999;-999;-999;    1;   0.0;   0;   14.117;   0;   1.1;  14.5; 1004.93;   19.4;   68.33;   26.1;   12.2;   11.4;eor
        403;20240807;-999;-999;-999;    1;   6.3;   6;   12.383;   0;   4.5;  17.2; 1001.97;   21.8;   69.00;   29.1;   14.5;   13.2;eor
        403;20240808;-999;-999;-999;    1;   0.0;   0;    7.033;   0;   5.5;  16.6; 1005.89;   19.5;   74.50;   23.5;   14.6;   13.9;eor
        403;20240809;-999;-999;-999;    1;   2.4;   6;    4.067;   0;   6.1;  18.3; 1005.74;   19.2;   83.08;   24.6;   13.8;   12.8;eor
        403;20240810;-999;-999;-999;    1;   0.0;   0;   11.733;   0;   2.8;  17.0; 1009.37;   20.6;   72.25;   26.1;   14.6;   13.1;eor
        403;20240811;-999;-999;-999;    1;   0.0;   0;   12.433;   0;   3.1;  15.5; 1011.48;   20.4;   66.21;   25.1;   14.3;   12.4;eor
        403;20240812;-999;-999;-999;    1;   0.0;   0;   14.183;   0;   1.1;  14.0; 1007.02;   20.2;   63.13;   27.9;   12.3;   10.8;eor
        403;20240813;-999;-999;-999;    1;   0.0;   0;   13.483;   0;   1.0;  14.3; 1004.27;   22.7;   54.46;   30.1;   15.1;   12.1;eor
        403;20240814;-999;-999;-999;    1;   0.0;   6;   11.233;   0;   5.2;  17.5; 1002.54;   24.4;   57.71;   32.6;   17.4;   14.2;eor
        403;20240815;-999;-999;-999;    1;   0.0;   0;    9.617;   0;   2.8;  21.8; 1005.49;   23.2;   78.21;   27.9;   18.2;   15.8;eor
        403;20240816;-999;-999;-999;    1;   0.0;   6;   10.100;   0;   3.3;  19.0; 1005.43;   23.3;   69.88;   29.6;   16.6;   14.5;eor
        403;20240817;-999;-999;-999;    1;   0.0;   6;    5.400;   0;   6.0;  20.4; 1002.85;   22.7;   75.58;   29.2;   17.9;   15.7;eor
        403;20240818;-999;-999;-999;    1;   0.0;   6;    2.517;   0;   7.2;  19.0; 1000.91;   20.1;   81.04;   23.7;   17.4;   17.3;eor
        403;20240819;-999;-999;-999;    1;   0.0;   0;   10.250;   0;   4.6;  14.4; 1007.60;   18.4;   69.88;   22.6;   12.9;   10.5;eor
        403;20240820;-999;-999;-999;    1;   0.0;   6;   12.850;   0;   1.8;  16.1; 1004.78;   20.1;   71.75;   27.3;   11.4;    9.1;eor
        403;20240821;-999;-999;-999;    1;   0.0;   0;    7.050;   0;   5.3;  14.6; 1002.80;   19.5;   64.38;   23.1;   12.3;    9.5;eor
        403;20240822;-999;-999;-999;    1;   0.0;   6;    4.533;   0;   6.3;  12.0; 1003.74;   18.2;   59.13;   24.4;   12.8;   11.7;eor
        403;20240823;-999;-999;-999;    1;   0.0;   0;   10.333;   0;   5.7;  13.2; 1000.15;   22.8;   50.42;   30.3;   14.8;   12.1;eor
        403;20240824;-999;-999;-999;    1;   0.3;   6;   13.200;   0;   1.5;  18.2; 1001.90;   24.7;   62.21;   32.5;   16.3;   13.5;eor
        403;20240825;-999;-999;-999;    1;   0.0;   0;    4.117;   0;   6.1;  14.6; 1007.82;   20.2;   62.04;   25.9;   13.4;   10.5;eor
        403;20240826;-999;-999;-999;    1;   0.0;   0;    8.867;   0;   3.7;  12.5; 1013.24;   18.1;   64.54;   25.7;   11.0;    8.0;eor
        403;20240827;-999;-999;-999;    1;   0.0;   0;   13.133;   0;   1.1;  13.4; 1014.25;   19.2;   65.13;   27.0;   11.6;    8.6;eor
        403;20240828;-999;-999;-999;    1;   0.0;   0;   12.800;   0;   0.5;  17.1; 1010.30;   22.6;   62.67;   30.5;   15.0;   10.8;eor
        403;20240829;-999;-999;-999;    1;   0.0;   0;   12.233;   0;   2.0;  19.5; 1007.29;   25.3;   65.58;   34.1;   18.8;   15.3;eor
        403;20240830;-999;-999;-999;    1;   0.0;   6;    9.300;   0;   5.8;  18.4; 1010.43;   22.2;   69.50;   28.6;   16.0;   15.3;eor
        403;20240831;-999;-999;-999;    1;   0.0;   0;   10.767;   0;   5.4;  13.8; 1015.47;   19.2;   63.50;   24.3;   15.4;   12.8;eor
        403;20240901;-999;-999;-999;    1;   0.0;   0;   10.800;   0;   4.5;  13.5; 1011.68;   19.4;   61.96;   26.1;   14.3;   10.0;eor
        403;20240902;-999;-999;-999;    1;   0.0;   0;   11.750;   0;   4.1;  14.2; 1006.56;   19.8;   64.08;   27.3;   11.7;    7.6;eor
        403;20240903;-999;-999;-999;    1;   0.0;   0;   11.333;   0;   2.5;  19.7; 1005.67;   24.1;   68.21;   32.4;   17.0;   13.8;eor
        403;20240904;-999;-999;-999;    1;   0.0;   0;   12.100;   0;   1.0;  16.7; 1005.24;   25.6;   55.46;   34.1;   18.3;   15.1;eor
        403;20240905;-999;-999;-999;    1;   0.0;   0;   12.350;   0;   0.2;  13.7; 1005.70;   25.2;   44.04;   31.7;   19.6;   15.9;eor
        403;20240906;-999;-999;-999;    1;   0.0;   0;   11.967;   0;   0.8;  12.5; 1005.71;   22.8;   46.88;   29.9;   16.5;   12.3;eor
        403;20240907;-999;-999;-999;    1;   0.0;   0;   11.683;   0;   1.8;  15.4; 1004.69;   23.2;   57.04;   31.7;   15.1;   11.0;eor
        403;20240908;-999;-999;-999;    1;   2.3;   6;   11.267;   0;   3.9;  17.3;  999.13;   24.5;   58.63;   32.5;   17.6;   13.9;eor
        403;20240909;-999;-999;-999;    1;   8.3;   6;    2.117;   0;   6.7;  18.2;  992.43;   17.9;   88.88;   22.8;   13.7;   11.6;eor
        403;20240910;-999;-999;-999;    1;   0.2;   6;    4.217;   0;   5.9;  13.5;  998.42;   16.4;   72.88;   18.9;   14.4;   11.5;eor
        403;20240911;-999;-999;-999;    1;   0.4;   6;    1.033;   0;   7.1;  12.2;  995.34;   14.3;   74.54;   16.3;   10.2;    6.9;eor
