date,t_ave,t_max,t_min
2023-03-13,10.9,16,6
2023-03-14,8.8,14.3,0.1
2023-03-15,1.8,7.1,-2.6
2023-03-16,3.6,9.7,-3.7
2023-03-17,8.3,13.8,2.8
2023-03-18,11.3,18.4,5.9
2023-03-19,10.5,16.1,5.5
2023-03-20,9.5,12.7,7.1
2023-03-21,9.3,12.2,6.5
2023-03-22,12.1,17.1,7
2023-03-23,12.1,16.7,8.5
2023-03-24,12,16.2,7.6
2023-03-25,9.5,14,6.5
2023-03-26,8.2,11.3,4.4
2023-03-27,3.3,7.3,0.9
2023-03-28,3.2,7.8,-0.2
2023-03-29,6.1,10.5,-0.3
2023-03-30,11,18.5,7.8
2023-03-31,10.4,14.5,8.4
2023-04-01,7.6,11.2,2.8
2023-04-02,4.1,8.7,0.4
2023-04-03,2.3,5.3,-0.7
2023-04-04,2.7,7,-2.8
2023-04-05,3,8.5,-3.5
2023-04-06,5.3,11.4,-1
2023-04-07,3.8,6.4,-0.5
2023-04-08,7,12.5,1.7
2023-04-09,6.5,13.7,-1.7
2023-04-10,9.5,16.4,-0.3
2023-04-11,8.4,13.1,1.7
2023-04-12,8.3,15.2,-0.2
2023-04-13,9.3,14,5.1
2023-04-14,7.8,8.6,6.5
2023-04-15,9.5,10.9,8
2023-04-16,9.3,11.1,7.3
2023-04-17,7,9.4,5.4
2023-04-18,8.6,13.5,4.3
2023-04-19,7,12,3.3
2023-04-20,9.5,15.9,5.2
2023-04-21,14,20,8.1
2023-04-22,15,21.9,5.8
2023-04-23,13.2,17.7,9.2
2023-04-24,12.4,17.9,6.4
2023-04-25,7.9,10.8,3.2
2023-04-26,6.1,10.5,1.3
2023-04-27,7.2,11.7,0.9
2023-04-28,9.8,15.8,0.4
2023-04-29,11.4,14.6,8.1
2023-04-30,9.1,14.9,3.1
2023-05-01,12,19.1,2.1
2023-05-02,11.3,15.3,8.1
2023-05-03,10.1,15.5,4.7
2023-05-04,12.3,19.3,3.2
2023-05-05,14.1,20.9,7.3
2023-05-06,8.2,9.5,7.4
2023-05-07,10.9,16.1,6
2023-05-08,11.3,18,3.4
2023-05-09,13.8,19,7.7
2023-05-10,15.7,22.5,9.4
2023-05-11,16.5,22.4,8.6
2023-05-12,17,22.5,10.3
2023-05-13,15.7,22.2,9.8
2023-05-14,14.7,21.1,8.2
2023-05-15,13.8,21,6.1
2023-05-16,12,16,5.9
2023-05-17,10.7,15.9,3.7
2023-05-18,11.9,17,6.4
2023-05-19,13,19,5.8
2023-05-20,14.6,19.9,8.9
2023-05-21,20.6,27.7,12.2
2023-05-22,20.4,25.8,14.8
2023-05-23,15.2,21.3,9.3
2023-05-24,11.3,16,7.9
2023-05-25,14.6,20.3,6
2023-05-26,14.8,20.4,6.5
2023-05-27,14.8,21.5,6
2023-05-28,16.7,24.2,5.9
2023-05-29,16.6,22.2,9.7
2023-05-30,16.4,22.7,7
2023-05-31,18,25.6,9.3
2023-06-01,16.6,22.5,11.3
2023-06-02,13.9,19.9,7.7
2023-06-03,13.7,20.3,5.3
2023-06-04,16.1,23.6,5.1
2023-06-05,19.3,26.3,9.4
2023-06-06,19.3,23.5,13.9
2023-06-07,23.1,29,16.6
2023-06-08,23.4,30,16.8
2023-06-09,22.7,29.7,14.6
2023-06-10,21.9,29.4,13.9
2023-06-11,21.1,28,13.3
2023-06-12,20.3,26.3,12.5
2023-06-13,17.9,24.1,11.3
2023-06-14,17.5,24.4,9.9
2023-06-15,18,23.3,14.9
2023-06-16,16.1,20.7,13.1
2023-06-17,16.6,21.3,12.8
2023-06-18,20,27,10.8
2023-06-19,21.9,28.5,15.1
2023-06-20,21.7,25.8,17.4
2023-06-21,24,29.2,18.9
2023-06-22,23.3,28.9,17.1
2023-06-23,17.4,18.4,15.7
2023-06-24,19.9,25.6,14.8
2023-06-25,21.9,27.4,15
2023-06-26,22.1,31.5,16.5
2023-06-27,16.7,21.3,13
2023-06-28,18.4,23.7,12.7
2023-06-29,20.3,25.6,12.1
2023-06-30,19.4,21.9,16.4
2023-07-01,19.6,25.3,15.6
2023-07-02,18.5,22.9,13.5
2023-07-03,17.8,22.3,13.2
2023-07-04,18.7,23.2,12.9
2023-07-05,19,25.1,12.6
2023-07-06,17.6,23.2,11.2
2023-07-07,20.7,28.1,9.8
2023-07-08,23.5,31,13.5
2023-07-09,24.4,31.7,14.8
2023-07-10,23.2,29.5,17.7
2023-07-11,23.5,29.8,14
2023-07-12,24.1,28.7,17.1
2023-07-13,20.3,26.4,14.3
2023-07-14,20.2,27.3,12.8
2023-07-15,25.9,35.4,15.9
2023-07-16,23.2,28.2,16.9
2023-07-17,21.8,27.7,13.7
2023-07-18,18.7,25.8,11.9
2023-07-19,19.7,26.6,11.8
2023-07-20,18,23.2,13.1
2023-07-21,15.8,20.9,9.2
2023-07-22,17.3,22.5,12.1
2023-07-23,20.6,28.2,15
2023-07-24,21.6,30,14.9
2023-07-25,17.6,21.1,14.5
2023-07-26,16,20.7,11.2
2023-07-27,15.6,20,10.6
2023-07-28,19.2,24,16.2
2023-07-29,19.2,25.4,14.1
2023-07-30,18.8,24.6,14.2
2023-07-31,17.9,21.9,14.4
2023-08-01,17.9,22.6,15.2
2023-08-02,18.9,22.8,14.8
2023-08-03,19.1,23.6,15.6
2023-08-04,18.9,23.2,14.3
2023-08-05,17.7,21.8,12.5
2023-08-06,15.9,17.5,13.7
2023-08-07,16.2,20.4,13.2
2023-08-08,14.8,20,11.6
2023-08-09,15.4,20.3,11.2
2023-08-10,15.9,21.8,9.1
2023-08-11,18.6,25.1,9.6
2023-08-12,21.6,28.5,15.4
2023-08-13,21.8,26.7,17.3
2023-08-14,22.6,30.3,15.8
2023-08-15,24.6,31.1,17.9
2023-08-16,23.6,28.2,19.5
2023-08-17,22,27.1,17.7
2023-08-18,24,29.8,18.4
2023-08-19,25.2,32.9,18.4
2023-08-20,24.6,29.1,20
2023-08-21,23,27.6,18
2023-08-22,21,26.2,14.3
2023-08-23,20.7,27,13.7
2023-08-24,21.8,28.4,14
2023-08-25,22.8,28.5,18.3
2023-08-26,20.2,26.7,15.5
2023-08-27,16.9,20.9,12.8
2023-08-28,15.9,19.8,11.6
2023-08-29,15.1,17.5,14
2023-08-30,16,20.6,12.9
2023-08-31,14.3,18.8,10.9
2023-09-01,15.5,21,8.4
2023-09-02,16.3,22.3,9.7
2023-09-03,17.1,21.6,12
2023-09-04,18.3,26,11.2
2023-09-05,20.4,28.1,13.5
2023-09-06,20.7,29.2,12.2
2023-09-07,21.4,29.2,13.8
2023-09-08,21.2,29.2,13.2
2023-09-09,21.4,30.6,13.2
2023-09-10,21.6,31.3,11.8
2023-09-11,22,31.1,13
2023-09-12,22.3,30.3,13.8
2023-09-13,18.8,23.8,14.7
2023-09-14,15.3,21,8.8
2023-09-15,16,23.6,8.4
2023-09-16,18.1,26.8,10.1
2023-09-17,19.9,27.9,11.3
2023-09-18,21,27.8,15.6
2023-09-19,18.1,21.4,14.8
2023-09-20,19.1,25.8,14.4
2023-09-21,20.7,29.1,12.9
2023-09-22,16.4,18.3,13.4
2023-09-23,14.5,19.3,9.5
2023-09-24,13.6,20.2,8.4
2023-09-25,14.7,22.2,7.8
2023-09-26,16.8,24.8,10.4
2023-09-27,18.8,27,11.2
2023-09-28,19.3,27.2,13.1
2023-09-29,18.9,23.3,11
2023-09-30,15,20.7,10.5
2023-10-01,16,21.3,11.9
2023-10-02,19.9,26.2,13.9
2023-10-03,17.8,26.4,11.8
2023-10-04,14.1,17.7,11.1
2023-10-05,12.4,17.5,8.7
2023-10-06,15.1,18.7,10.2
2023-10-07,15.6,18.4,10.7
2023-10-08,12,15.8,9.5
2023-10-09,9.9,11,8.6
2023-10-10,13.9,17.1,10.1
2023-10-11,18.9,23.8,13.9
2023-10-12,14.8,19.8,12.2
2023-10-13,17.7,22.3,12.7
2023-10-14,14.4,20.5,7.3
2023-10-15,8.2,11.7,5.4
2023-10-16,6.6,11.6,2.5
2023-10-17,6.9,12,0.8
2023-10-18,5.6,12.5,-1
2023-10-19,6.6,7.3,5.5
2023-10-20,6,6.9,4.9
2023-10-21,11.5,19.3,6.6
2023-10-22,12.7,17.5,10
2023-10-23,10.6,16.6,6.6
2023-10-24,11.2,13.5,8.6
2023-10-25,10.7,13.9,8.5
2023-10-26,9.8,10.6,9.3
2023-10-27,9.3,10.1,8.6
2023-10-28,10.1,12.1,8.6
2023-10-29,11.9,15.4,8.5
2023-10-30,12.8,16.5,10.7
2023-10-31,10.8,13.7,6
2023-11-01,10.5,15.3,6.7
2023-11-02,11,13.8,8.2
2023-11-03,9.3,10.7,8.3
2023-11-04,8.6,11.8,5.6
2023-11-05,10.2,13.4,8
2023-11-06,10.9,13.4,8.5
2023-11-07,9.5,13.2,6.9
2023-11-08,8.6,11.6,5.7
2023-11-09,9.5,12.4,5.6
2023-11-10,8.3,10.5,4.7
2023-11-11,5.6,9.6,1.5
2023-11-12,6.3,8.2,2.8
2023-11-13,6.7,9.4,3.4
2023-11-14,10.7,13.9,8.3
2023-11-15,7.4,9.7,3
2023-11-16,5.4,9.2,-0.5
2023-11-17,3.7,5.4,-0.6
2023-11-18,4.3,6,3.1
2023-11-19,7.8,12.3,3.8
2023-11-20,9.4,10.6,8.2
2023-11-21,3.5,8.3,-0.2
2023-11-22,-0.5,2.4,-3.7
2023-11-23,6.8,11.5,0.6
2023-11-24,4.2,7.5,0.1
2023-11-25,1.1,2.5,-0.2
2023-11-26,-0.4,1.5,-2.8
2023-11-27,-0.4,1.8,-2.5
2023-11-28,-2.3,-0.6,-6.9
2023-11-29,-1.5,0.9,-4.7
2023-11-30,-2.9,1.7,-6.1
2023-12-01,-4.9,-0.9,-7.7
2023-12-02,-4.4,-1.7,-6.8
2023-12-03,-2.6,-1.5,-7.3
2023-12-04,-3.4,-1,-7.9
2023-12-05,-1.4,0,-4.2
2023-12-06,0.6,1.4,0
2023-12-07,0.9,1.5,0.6
2023-12-08,0.8,1.4,0.4
2023-12-09,2.9,5.5,0.9
2023-12-10,5.5,7.9,2.1
2023-12-11,7.9,9.6,5.8
2023-12-12,5.6,7.7,2.5
2023-12-13,4.5,5.4,3
2023-12-14,3,4,1.6
2023-12-15,3,6.1,-0.4
2023-12-16,7,8.4,5.3
2023-12-17,7.4,9.8,4.1
2023-12-18,5.8,7.7,3.5
2023-12-19,6,6.6,4.8
2023-12-20,5.2,6.6,3.8
2023-12-21,6.9,9.7,4.2
2023-12-22,3.5,5,0
2023-12-23,1.6,2.5,0.3
2023-12-24,6.7,12,0.2
2023-12-25,9.9,11.4,8.4
2023-12-26,8.5,10.3,4.4
2023-12-27,3.3,5.2,-0.3
2023-12-28,7.9,10.4,4.1
2023-12-29,9.4,11.4,7.2
2023-12-30,5.9,9.3,3.7
2023-12-31,5.9,7.9,2.5
2024-01-01,6.2,8.1,3.8
2024-01-02,4.7,8.5,2.1
2024-01-03,9.5,11.6,8.1
2024-01-04,4.1,8.8,-0.4
2024-01-05,0.4,0.9,-0.3
2024-01-06,-0.3,0.9,-1.5
2024-01-07,-2.7,-0.9,-7.8
2024-01-08,-7.3,-4,-9.7
2024-01-09,-8.8,-3.9,-12.1
2024-01-10,-7.2,-1.2,-10.7
2024-01-11,-4.1,0,-10.2
2024-01-12,-0.2,1.1,-1.1
2024-01-13,1.9,2.8,1
2024-01-14,2.3,3.3,1
2024-01-15,1.2,3,-1.6
2024-01-16,-1.4,0.6,-6.1
2024-01-17,-2.7,-0.4,-6
2024-01-18,-3.8,-0.8,-9.4
2024-01-19,-2.7,1.6,-9.3
2024-01-20,-0.6,2.3,-5.6
2024-01-21,-0.9,2.9,-6.2
2024-01-22,6.4,9.4,1.9
2024-01-23,5.5,8.1,2.9
2024-01-24,8.9,11.4,4.8
2024-01-25,7.2,8.9,1
2024-01-26,4.6,9.6,-0.4
2024-01-27,4.1,7.1,-1
2024-01-28,2,8,-2.5
2024-01-29,3.6,10.4,-1
2024-01-30,4.7,8.9,0.1
2024-01-31,5.6,8,4.1
2024-02-01,6.1,8.8,3.9
2024-02-02,6.1,8.6,3.7
2024-02-03,9.5,11.3,7.1
2024-02-04,7,8.8,4.2
2024-02-05,9.8,10.6,6.7
2024-02-06,10,11.4,8.8
2024-02-07,3.9,9.4,-0.9
2024-02-08,0.7,4.1,-1.9
2024-02-09,3.8,9.1,0.3
2024-02-10,9.8,14.3,7.7
2024-02-11,8.1,9.1,6.5
2024-02-12,6.9,9.6,2.4
2024-02-13,4.9,9.1,0.6
2024-02-14,6,10.1,0.8
2024-02-15,10.9,13.7,8.4
2024-02-16,11.6,16.4,8.1
2024-02-17,8.9,11.9,5.9
2024-02-18,6.8,10.3,1
2024-02-19,7.8,9.2,6.2
2024-02-20,7.9,8.6,6.7
2024-02-21,8.3,11.7,6.5
2024-02-22,9.7,12.3,7.8
2024-02-23,7.8,11.6,2.7
2024-02-24,5.4,11.6,0.3
2024-02-25,5.4,13.1,-0.1
2024-02-26,5.3,11.1,-1.4
2024-02-27,5,6.8,4
2024-02-28,2.7,4.8,-1.4
2024-02-29,4.2,10.1,-2.6
2024-03-01,7.7,10.1,5.7
2024-03-02,9.3,13.6,6.8
2024-03-03,10.1,15,6.1
2024-03-04,8.6,12.6,4.8
2024-03-05,4.3,7.9,-2.1
2024-03-06,3.3,7.9,-2.6
2024-03-07,4.3,8.3,-1.3
2024-03-08,3.1,9.6,-2.7
2024-03-09,4.9,10.1,-0.4
2024-03-10,8.1,12.9,2.5
2024-03-11,10,14.1,3.6
2024-03-12,8.6,15,2
2024-03-13,9,14.7,4.3
2024-03-14,10.5,15.2,6.8
2024-03-15,12.4,19,6.8
2024-03-16,9,14.1,1.6
2024-03-17,4.1,9.1,-0.7
2024-03-18,1.7,8.1,-3.3
2024-03-19,3.7,10.4,-3.8
2024-03-20,9.7,17.5,1
2024-03-21,9.9,15.3,4.7
2024-03-22,9.4,12.7,5.6
2024-03-23,5.8,8.6,1.9
2024-03-24,4.8,8.2,1.3
2024-03-25,5.8,10.4,0
2024-03-26,7.3,14,-0.3
2024-03-27,12,18.4,5.7
2024-03-28,10.2,15.4,7.5
2024-03-29,10.2,16.5,4.4
2024-03-30,14.6,23.4,6.2
2024-03-31,13.3,18.8,8.3
2024-04-01,12.9,20.3,7.7
2024-04-02,11.3,15.2,7.9
2024-04-03,10.3,11.9,8.6
2024-04-04,11.9,15.4,8.9
2024-04-05,14.2,18.9,9.9
2024-04-06,16.9,23,9.8
2024-04-07,18.5,23.1,13.3
2024-04-08,19.6,26.8,13.5
2024-04-09,17.9,26.4,10.6
2024-04-10,11.1,14.7,5.4
2024-04-11,11.9,17,4.6
2024-04-12,15.2,19.8,11.9
2024-04-13,16.7,22.6,9.7
2024-04-14,14.3,16.8,7.5
2024-04-15,10.3,15,5.5
2024-04-16,6.9,10.8,3.7
2024-04-17,6.4,12.2,1.8
2024-04-18,6.8,12.1,1.5
2024-04-19,5.9,8.5,3.8
2024-04-20,5.3,9.5,0.9
2024-04-21,3.9,9.5,-1.8
2024-04-22,2.4,6.1,-2
2024-04-23,4.7,10.4,-1.9
2024-04-24,6.1,10,2
2024-04-25,5,10.3,0.7
2024-04-26,8.9,15.3,2.2
2024-04-27,13.1,21.3,1.3
2024-04-28,16.5,23.6,8.4
2024-04-29,16.9,22.1,11.7
2024-04-30,19.9,28,10
2024-05-01,20.6,26.2,13.9
2024-05-02,20.2,26,13.9
2024-05-03,18.1,23.2,13.2
2024-05-04,16.1,22,11.1
2024-05-05,15.2,19.8,8.3
2024-05-06,13.5,19.5,6.7
2024-05-07,11.4,15.6,7.8
2024-05-08,12.6,18.9,6.9
2024-05-09,13.8,20.6,4.8
2024-05-10,16.5,22.9,8.9
2024-05-11,14.7,20.2,9.6
2024-05-12,15,21.9,8.3
2024-05-13,16.9,24.5,8.1
2024-05-14,18.7,25.7,10.5
2024-05-15,19.9,26.3,11.4
2024-05-16,19.9,26,13.5
2024-05-17,19.2,25.9,14.3
2024-05-18,15.9,20.6,11.6
2024-05-19,15.6,20.9,9.8
2024-05-20,16.3,22.2,8.9
2024-05-21,20.8,27.9,11.4
2024-05-22,20.3,26,14.8
2024-05-23,19,24.7,14
2024-05-24,18.7,26.1,12.1
2024-05-25,18.4,24.4,13.2
2024-05-26,19.6,25.2,11.5
2024-05-27,20,24.9,15.6
2024-05-28,15.8,18.2,11.1
2024-05-29,16.9,23.1,9.1
2024-05-30,16.9,21.6,13.1
2024-05-31,18,22.7,12.4
2024-06-01,21,26.7,15.9
2024-06-02,20.1,25,15.9
2024-06-03,14.3,16.1,11.6
2024-06-04,16.1,21.1,11.2
2024-06-05,15.8,20.6,10.5
2024-06-06,15.7,21.1,9.5
2024-06-07,16.1,21,9.2
2024-06-08,18.6,26.6,7.7
2024-06-09,16.2,21.3,11.1
2024-06-10,15.2,20.2,10
2024-06-11,13.2,18.2,8.1
2024-06-12,12.8,18.4,6.5
2024-06-13,14.1,19.6,8.1
2024-06-14,14.1,20.8,8
2024-06-15,17.3,23.2,10.3
2024-06-16,18.7,25.5,10.3
2024-06-17,19.5,25.3,14.2
2024-06-18,20.1,27.9,13.3
2024-06-19,16.3,18.4,11.8
2024-06-20,17.6,23,10
2024-06-21,20.7,27.9,15
2024-06-22,19.1,23.6,14.1
2024-06-23,18.9,23.4,14.2
2024-06-24,19.4,25.3,12.4
2024-06-25,20.7,26.4,13.8
2024-06-26,24.2,30.4,16
2024-06-27,24.4,30.4,19.8
2024-06-28,22.8,29.2,14.4
2024-06-29,23.4,29.8,13
2024-06-30,21.8,28.1,16.5
2024-07-01,17.1,20.2,12.3
2024-07-02,15.1,18,12.7
2024-07-03,15.1,18.2,12
2024-07-04,15.3,19.6,11.5
2024-07-05,16.7,22.4,9.7
2024-07-06,21.7,31.9,14.3
2024-07-07,18.3,22.7,12.3
2024-07-08,19.9,26.5,10.8
2024-07-09,24.6,30.9,16.9
2024-07-10,24.1,30.2,19.7
2024-07-11,22.6,27.2,19
2024-07-12,20.4,24.8,18.4
2024-07-13,18.1,23,13
2024-07-14,19.5,25.3,12.3
2024-07-15,23.1,29.2,14.6
2024-07-16,21.6,28.8,16.2
2024-07-17,19.4,24.5,13.8
2024-07-18,20.4,26.9,13.9
2024-07-19,22.2,29,14
2024-07-20,24.1,30.4,17.4
2024-07-21,24.6,32.6,17.1
2024-07-22,20.2,23.9,13.7
2024-07-23,19.8,28.2,12.2
2024-07-24,19.5,24.5,13.3
2024-07-25,17.9,23.4,10.7
2024-07-26,20,25,12.7
2024-07-27,19.9,23.4,16.9
2024-07-28,18.4,23.6,13.5
2024-07-29,18.4,24.2,12.1
2024-07-30,20.4,27.9,11
2024-07-31,23.2,29.3,14.9
2024-08-01,22.5,28.2,17.3
2024-08-02,19.6,22.5,17
2024-08-03,20.4,25.5,14.4
2024-08-04,19.7,24.2,16.7
2024-08-05,18.8,23.4,13.6
2024-08-06,19.8,26.1,12
2024-08-07,22.2,29.5,14.6
2024-08-08,20.3,24.1,15
2024-08-09,19.9,25.6,13.7
2024-08-10,20.8,27,14.2
2024-08-11,21,25.9,14.8
2024-08-12,20.7,28.2,12.2
2024-08-13,22.5,29.7,14.1
2024-08-14,24.1,32.2,16.9
2024-08-15,23.4,28.8,17.5
2024-08-16,24.1,30.5,16.6
2024-08-17,23.6,30,18.4
2024-08-18,20.4,24.4,17.4
2024-08-19,19.3,23.6,12.1
2024-08-20,20.2,27.1,10.8
2024-08-21,19.8,23.9,12.2
2024-08-22,18.3,24.3,12
2024-08-23,23.2,30.7,15.2
2024-08-24,25.2,32.7,15.8
2024-08-25,20.8,24.7,12.9
2024-08-26,18.7,25.7,11.2
2024-08-27,19.5,27.1,11.7
2024-08-28,22.7,30.2,14.4
2024-08-29,26.3,34.3,19.3
2024-08-30,23.3,30.8,16.6
2024-08-31,19,24.7,15.1
2024-09-01,19,25.9,13.1
2024-09-02,19.6,27.2,10.9
2024-09-03,24.2,33,17
2024-09-04,25.7,34.1,17.6
2024-09-05,25.4,31.7,19.4
2024-09-06,23.1,30.3,16.8
2024-09-07,23.2,31.3,13.8
2024-09-08,25.3,32.2,18.4
2024-09-09,18.3,23.8,13.7