STATIONS_ID;MESS_DATUM;QN_3;  FX;  FM;QN_4; RSK;RSKF; SDK;SHK_TAG;  NM; VPM;  PM; TMK; UPM; TXK; TNK; TGK;eor
        427;20230313;   10;  16.8;   7.5;    9;   2.2;   4;    1.900;-999;  -999;  10.6;  993.10;   10.9;   81.00;   16.0;    6.0;    5.0;eor
        427;20230314;   10;  19.7;   7.6;    9;   5.4;   4;    1.900;-999;  -999;   8.8;  988.60;    8.8;   77.00;   14.3;    0.1;   -1.7;eor
        427;20230315;   10;  11.8;   4.8;    9;   0.0;   4;    4.100;-999;  -999;   5.2; 1008.50;    1.8;   76.00;    7.1;   -2.6;   -5.2;eor
        427;20230316;   10;   9.3;   3.5;    9;   0.0;   0;   10.500;-999;  -999;   4.3; 1015.60;    3.6;   59.00;    9.7;   -3.7;   -6.3;eor
        427;20230317;   10;  10.3;   5.7;    9;   0.0;   0;    4.400;-999;  -999;   5.3; 1008.40;    8.3;   49.00;   13.8;    2.8;    1.1;eor
        427;20230318;   10;   8.2;   3.4;    9;   0.0;   0;    7.400;-999;  -999;   8.0; 1006.50;   11.3;   59.00;   18.4;    5.9;    2.6;eor
        427;20230319;   10;   9.4;   2.8;    9;   2.6;   4;    1.100;-999;  -999;   9.4; 1009.00;   10.5;   74.00;   16.1;    5.5;    2.9;eor
        427;20230320;   10;  10.5;   3.5;    9;   0.0;   4;    0.300;-999;  -999;   9.8; 1010.80;    9.5;   82.00;   12.7;    7.1;    4.4;eor
        427;20230321;   10;   6.7;   3.1;    9;   0.7;   4;    0.000;-999;  -999;   9.9; 1009.20;    9.3;   84.00;   12.2;    6.5;    5.9;eor
        427;20230322;   10;  13.2;   5.0;    9;   0.1;   4;    5.000;-999;  -999;  10.2; 1003.40;   12.1;   74.00;   17.1;    7.0;    5.1;eor
        427;20230323;   10;  14.4;   5.7;    9;   2.7;   4;    1.400;-999;  -999;  10.4;  999.90;   12.1;   74.00;   16.7;    8.5;    4.9;eor
        427;20230324;   10;  17.3;   6.0;    9;   0.9;   4;    1.200;-999;  -999;  10.8;  996.60;   12.0;   77.00;   16.2;    7.6;    5.0;eor
        427;20230325;   10;  19.7;   7.2;    9;  10.6;   4;    3.600;-999;  -999;   9.2;  996.60;    9.5;   78.00;   14.0;    6.5;    5.0;eor
        427;20230326;   10;  13.0;   5.5;    9;   0.0;   4;    1.700;-999;  -999;   8.1;  997.00;    8.2;   75.00;   11.3;    4.4;    3.7;eor
        427;20230327;   10;  15.6;   6.0;    9;   2.0;   4;    4.900;-999;  -999;   5.3; 1006.00;    3.3;   70.00;    7.3;    0.9;   -1.2;eor
        427;20230328;   10;  15.6;   5.8;    9;   0.0;   4;    8.500;-999;  -999;   4.6; 1015.50;    3.2;   63.00;    7.8;   -0.2;   -3.0;eor
        427;20230329;   10;   9.8;   3.9;    9;   0.1;   4;    1.700;-999;  -999;   6.7; 1010.60;    6.1;   71.00;   10.5;   -0.3;   -2.7;eor
        427;20230330;   10;  21.1;   4.9;    9;   8.1;   4;    3.400;-999;  -999;  10.6; 1000.80;   11.0;   81.00;   18.5;    7.8;    6.8;eor
        427;20230331;   10;  12.2;   4.5;    9;   5.0;   4;    2.500;-999;  -999;  10.7;  993.60;   10.4;   85.00;   14.5;    8.4;    6.6;eor
        427;20230401;   10;  12.5;   4.4;    9;   2.5;   4;    0.000;-999;  -999;   9.7;  996.00;    7.6;   92.00;   11.2;    2.8;    2.6;eor
        427;20230402;   10;  13.5;   6.7;    9;   0.0;   0;    2.600;-999;  -999;   5.5; 1015.20;    4.1;   67.00;    8.7;    0.4;   -1.8;eor
        427;20230403;   10;  12.2;   5.5;    9;   0.0;   4;    3.200;-999;  -999;   4.6; 1025.20;    2.3;   64.00;    5.3;   -0.7;   -2.6;eor
        427;20230404;   10;   9.6;   3.0;    9;   0.0;   0;    7.200;-999;  -999;   4.3; 1021.90;    2.7;   60.00;    7.0;   -2.8;   -6.7;eor
        427;20230405;   10;   6.2;   2.0;    9;   0.0;   4;    3.700;-999;  -999;   5.0; 1017.00;    3.0;   66.00;    8.5;   -3.5;   -6.1;eor
        427;20230406;   10;   7.7;   2.6;    9;   0.0;   0;   11.000;-999;  -999;   5.1; 1015.10;    5.3;   60.00;   11.4;   -1.0;   -4.8;eor
        427;20230407;   10;   7.5;   3.0;    9;   3.1;   4;    0.000;-999;  -999;   6.4; 1013.90;    3.8;   79.00;    6.4;   -0.5;   -4.9;eor
        427;20230408;   10;   9.3;   3.5;    9;   0.0;   4;    3.700;-999;  -999;   8.1; 1018.30;    7.0;   82.00;   12.5;    1.7;   -2.2;eor
        427;20230409;   10;   7.5;   1.9;    9;   0.0;   0;    9.600;-999;  -999;   7.5; 1020.90;    6.5;   79.00;   13.7;   -1.7;   -3.9;eor
        427;20230410;   10;  10.8;   3.2;    9;   1.1;   4;   11.000;-999;  -999;   8.1; 1016.00;    9.5;   71.00;   16.4;   -0.3;   -1.7;eor
        427;20230411;   10;  17.0;   5.4;    9;   3.5;   4;    3.600;-999;  -999;   8.2; 1004.40;    8.4;   75.00;   13.1;    1.7;   -1.6;eor
        427;20230412;   10;  13.2;   4.4;    9;   1.4;   4;    7.900;-999;  -999;   7.6;  999.60;    8.3;   71.00;   15.2;   -0.2;   -3.6;eor
        427;20230413;   10;   9.4;   3.4;    9;   0.0;   4;    2.800;-999;  -999;   8.5;  999.20;    9.3;   74.00;   14.0;    5.1;    1.7;eor
        427;20230414;   10;   9.4;   3.9;    9;  14.6;   4;    0.000;-999;  -999;   9.4; 1002.00;    7.8;   88.00;    8.6;    6.5;    5.1;eor
        427;20230415;   10;   8.4;   4.0;    9;   7.5;   4;    0.000;-999;  -999;  11.0; 1002.60;    9.5;   92.00;   10.9;    8.0;    7.3;eor
        427;20230416;   10;   8.2;   3.7;    9;   2.9;   4;    0.000;-999;  -999;  10.8; 1012.60;    9.3;   92.00;   11.1;    7.3;    6.8;eor
        427;20230417;   10;   8.2;   4.3;    9;   1.1;   4;    0.200;-999;  -999;   8.8; 1019.10;    7.0;   87.00;    9.4;    5.4;    4.6;eor
        427;20230418;   10;  10.8;   5.1;    9;   0.0;   4;    0.800;-999;  -999;   8.6; 1021.70;    8.6;   77.00;   13.5;    4.3;    2.4;eor
        427;20230419;   10;  15.9;   6.1;    9;   6.3;   4;    6.200;-999;  -999;   7.0; 1017.20;    7.0;   71.00;   12.0;    3.3;    1.8;eor
        427;20230420;   10;  10.1;   3.6;    9;   0.1;   4;    1.900;-999;  -999;   9.5; 1014.60;    9.5;   81.00;   15.9;    5.2;    4.4;eor
        427;20230421;   10;  12.3;   5.4;    9;   0.0;   0;   12.200;-999;  -999;   8.7; 1011.70;   14.0;   57.00;   20.0;    8.1;    4.1;eor
        427;20230422;   10;  11.0;   3.6;    9;   0.3;   4;   12.900;-999;  -999;   8.2; 1006.10;   15.0;   51.00;   21.9;    5.8;    0.7;eor
        427;20230423;   10;   9.6;   3.2;    9;   0.8;   4;    3.300;-999;  -999;  11.4; 1001.00;   13.2;   75.00;   17.7;    9.2;    6.1;eor
        427;20230424;   10;  16.5;   6.1;    9;   0.5;   4;    6.300;-999;  -999;  10.0;  997.70;   12.4;   70.00;   17.9;    6.4;    4.9;eor
        427;20230425;   10;  12.9;   6.0;    9;   0.0;   4;    0.900;-999;  -999;   6.9; 1003.10;    7.9;   66.00;   10.8;    3.2;    1.1;eor
        427;20230426;   10;  12.2;   5.3;    9;   0.0;   4;    6.000;-999;  -999;   6.0; 1010.00;    6.1;   65.00;   10.5;    1.3;   -0.1;eor
        427;20230427;   10;   9.6;   3.2;    9;   0.0;   4;    3.700;-999;  -999;   5.9; 1014.20;    7.2;   59.00;   11.7;    0.9;   -2.1;eor
        427;20230428;   10;  11.8;   3.6;    9;   2.2;   4;    5.900;-999;  -999;   8.2; 1009.30;    9.8;   68.00;   15.8;    0.4;   -2.2;eor
        427;20230429;   10;   9.8;   3.9;    9;   0.4;   4;    1.100;-999;  -999;  10.7; 1007.70;   11.4;   79.00;   14.6;    8.1;    5.8;eor
        427;20230430;   10;   8.2;   2.8;    9;   0.0;   0;   13.800;-999;  -999;   6.3; 1016.50;    9.1;   57.00;   14.9;    3.1;   -0.9;eor
        427;20230501;   10;   8.7;   2.7;    9;   0.0;   4;   11.800;-999;  -999;   7.6; 1010.80;   12.0;   57.00;   19.1;    2.1;   -2.1;eor
        427;20230502;   10;  12.0;   4.6;    9;   0.0;   0;    6.400;-999;  -999;   8.5; 1014.50;   11.3;   63.00;   15.3;    8.1;    6.3;eor
        427;20230503;   10;   6.3;   2.9;    9;   0.0;   0;   13.800;-999;  -999;   6.7; 1021.60;   10.1;   56.00;   15.5;    4.7;   -0.4;eor
        427;20230504;   10;   6.7;   2.1;    9;   0.0;   0;   12.500;-999;  -999;   7.6; 1017.70;   12.3;   57.00;   19.3;    3.2;   -1.2;eor
        427;20230505;   10;  12.7;   6.0;    9;  11.1;   4;   11.400;-999;  -999;   8.9; 1013.40;   14.1;   57.00;   20.9;    7.3;    4.3;eor
        427;20230506;   10;   7.9;   4.4;    9;   0.0;   0;    0.000;-999;  -999;   9.8; 1013.30;    8.2;   90.00;    9.5;    7.4;    7.4;eor
        427;20230507;   10;  11.0;   5.1;    9;   0.0;   4;    4.800;-999;  -999;   9.0; 1018.30;   10.9;   71.00;   16.1;    6.0;    2.3;eor
        427;20230508;   10;  14.9;   5.9;    9;   0.0;   0;   14.200;-999;  -999;   7.1; 1020.70;   11.3;   56.00;   18.0;    3.4;    0.5;eor
        427;20230509;   10;  14.1;   7.0;    9;   0.0;   0;   14.100;-999;  -999;   7.2; 1013.50;   13.8;   47.00;   19.0;    7.7;    5.2;eor
        427;20230510;   10;  12.7;   5.0;    9;   0.0;   0;   12.600;-999;  -999;  10.2; 1006.20;   15.7;   58.00;   22.5;    9.4;    6.0;eor
        427;20230511;   10;  13.2;   4.5;    9;   0.0;   0;    9.600;-999;  -999;  10.0; 1009.50;   16.5;   57.00;   22.4;    8.6;    4.8;eor
        427;20230512;   10;  12.3;   5.3;    9;   0.0;   0;   13.200;-999;  -999;   8.8; 1013.10;   17.0;   47.00;   22.5;   10.3;    8.2;eor
        427;20230513;   10;  13.5;   5.0;    9;   0.0;   4;   10.800;-999;  -999;   8.6; 1015.40;   15.7;   50.00;   22.2;    9.8;    5.5;eor
        427;20230514;   10;   9.3;   2.9;    9;   0.0;   4;    4.000;-999;  -999;   9.5; 1011.50;   14.7;   59.00;   21.1;    8.2;    3.5;eor
        427;20230515;   10;  13.9;   2.6;    9;   0.1;   4;    1.700;-999;  -999;  10.9; 1003.20;   13.8;   70.00;   21.0;    6.1;    3.1;eor
        427;20230516;   10;  12.9;   5.6;    9;   0.0;   0;    2.700;-999;  -999;   9.1; 1008.70;   12.0;   65.00;   16.0;    5.9;    2.8;eor
        427;20230517;   10;  13.0;   4.8;    9;   0.0;   0;   11.800;-999;  -999;   7.0; 1016.60;   10.7;   57.00;   15.9;    3.7;    1.5;eor
        427;20230518;   10;   8.6;   3.1;    9;   0.0;   0;    8.600;-999;  -999;   7.5; 1021.70;   11.9;   55.00;   17.0;    6.4;    0.8;eor
        427;20230519;   10;  12.9;   4.3;    9;   0.0;   0;    8.000;-999;  -999;   8.9; 1020.70;   13.0;   61.00;   19.0;    5.8;    1.4;eor
        427;20230520;   10;  11.7;   5.1;    9;   0.0;   0;    6.000;-999;  -999;  12.0; 1018.10;   14.6;   72.00;   19.9;    8.9;    6.8;eor
        427;20230521;   10;  12.9;   5.2;    9;   0.0;   0;   10.300;-999;  -999;  13.8; 1012.70;   20.6;   60.00;   27.7;   12.2;   10.2;eor
        427;20230522;   10;  10.8;   4.6;    9;   0.0;   4;   11.400;-999;  -999;  11.0; 1009.80;   20.4;   47.00;   25.8;   14.8;   10.1;eor
        427;20230523;   10;  13.4;   4.6;    9;   1.2;   4;    2.500;-999;  -999;  12.6; 1007.50;   15.2;   73.00;   21.3;    9.3;    8.2;eor
        427;20230524;   10;   7.7;   3.7;    9;   0.0;   0;    4.600;-999;  -999;   9.2; 1014.90;   11.3;   69.00;   16.0;    7.9;    2.8;eor
        427;20230525;   10;   8.9;   3.1;    9;   0.0;   0;   12.700;-999;  -999;  10.3; 1018.40;   14.6;   64.00;   20.3;    6.0;    3.4;eor
        427;20230526;   10;   9.9;   3.7;    9;   0.0;   0;   14.400;-999;  -999;   8.7; 1020.70;   14.8;   55.00;   20.4;    6.5;    1.6;eor
        427;20230527;   10;   9.6;   2.3;    9;   0.0;   0;   14.700;-999;  -999;   8.1; 1020.30;   14.8;   52.00;   21.5;    6.0;   -0.3;eor
        427;20230528;   10;   8.2;   2.4;    9;   0.0;   0;   14.900;-999;  -999;   8.5; 1014.70;   16.7;   49.00;   24.2;    5.9;    0.1;eor
        427;20230529;   10;   9.8;   3.7;    9;   0.0;   0;   10.800;-999;  -999;   9.0; 1015.50;   16.6;   49.00;   22.2;    9.7;    2.8;eor
        427;20230530;   10;   9.3;   3.2;    9;   0.0;   0;   15.100;-999;  -999;   8.4; 1018.10;   16.4;   48.00;   22.7;    7.0;    1.2;eor
        427;20230531;   10;   6.7;   2.5;    9;   0.0;   0;   13.900;-999;  -999;   8.5; 1017.10;   18.0;   45.00;   25.6;    9.3;    2.7;eor
        427;20230601;   10;  10.6;   4.6;    9;   0.0;   0;   13.100;-999;  -999;  10.7; 1011.20;   16.6;   59.00;   22.5;   11.3;    7.8;eor
        427;20230602;   10;  13.2;   4.5;    9;   0.0;   0;    8.100;-999;  -999;   8.3; 1014.10;   13.9;   55.00;   19.9;    7.7;    3.1;eor
        427;20230603;   10;  10.5;   3.3;    9;   0.0;   0;   15.100;-999;  -999;   6.7; 1017.20;   13.7;   46.00;   20.3;    5.3;   -1.3;eor
        427;20230604;   10;   7.5;   2.1;    9;   0.0;   0;   15.200;-999;  -999;   7.1; 1016.00;   16.1;   43.00;   23.6;    5.1;   -1.2;eor
        427;20230605;   10;  14.7;   3.2;    9;   0.0;   0;   13.800;-999;  -999;   8.5; 1014.70;   19.3;   41.00;   26.3;    9.4;    1.9;eor
        427;20230606;   10;   9.1;   2.7;    9;   0.0;   4;    1.800;-999;  -999;  11.8; 1013.30;   19.3;   53.00;   23.5;   13.9;   11.6;eor
        427;20230607;   10;  10.1;   3.7;    9;   0.0;   0;    7.300;-999;  -999;  10.6; 1012.30;   23.1;   39.00;   29.0;   16.6;   12.7;eor
        427;20230608;   10;   8.9;   3.6;    9;   0.0;   0;   10.800;-999;  -999;  10.4; 1010.40;   23.4;   37.00;   30.0;   16.8;   13.2;eor
        427;20230609;   10;  10.8;   4.6;    9;   0.0;   0;   15.000;-999;  -999;  11.0; 1009.80;   22.7;   43.00;   29.7;   14.6;   10.1;eor
        427;20230610;   10;  12.0;   4.5;    9;   0.0;   0;   12.100;-999;  -999;  12.9; 1011.60;   21.9;   52.00;   29.4;   13.9;   13.0;eor
        427;20230611;   10;   9.3;   3.8;    9;   0.0;   0;   13.300;-999;  -999;  10.8; 1014.00;   21.1;   44.00;   28.0;   13.3;    7.2;eor
        427;20230612;   10;  13.7;   4.2;    9;   0.0;   0;   13.100;-999;  -999;   9.4; 1013.60;   20.3;   41.00;   26.3;   12.5;    6.5;eor
        427;20230613;   10;  13.2;   4.8;    9;   0.0;   0;   10.800;-999;  -999;   9.5; 1010.50;   17.9;   48.00;   24.1;   11.3;    6.2;eor
        427;20230614;   10;   9.8;   3.4;    9;   0.0;   0;    3.900;-999;  -999;  11.3; 1012.60;   17.5;   59.00;   24.4;    9.9;    4.8;eor
        427;20230615;   10;  13.4;   3.1;    9;   5.5;   4;    4.600;-999;  -999;  12.7; 1011.50;   18.0;   62.00;   23.3;   14.9;   13.7;eor
        427;20230616;   10;   9.8;   3.4;    9;  13.6;   4;    1.700;-999;  -999;  15.0; 1008.90;   16.1;   83.00;   20.7;   13.1;   12.6;eor
        427;20230617;   10;   8.2;   2.4;    9;   6.2;   4;    4.300;-999;  -999;  14.8; 1007.80;   16.6;   80.00;   21.3;   12.8;    9.5;eor
        427;20230618;   10;   6.7;   1.8;    9;   0.0;   0;   12.200;-999;  -999;  14.2; 1008.40;   20.0;   64.00;   27.0;   10.8;    8.1;eor
        427;20230619;   10;   8.7;   3.0;    9;   0.0;   4;    3.000;-999;  -999;  16.4; 1007.50;   21.9;   64.00;   28.5;   15.1;   12.1;eor
        427;20230620;   10;  10.1;   2.2;    9;   6.8;   4;    4.700;-999;  -999;  20.1; 1007.50;   21.7;   78.00;   25.8;   17.4;   15.1;eor
        427;20230621;   10;  10.1;   3.7;    9;   0.0;   0;    9.800;-999;  -999;  20.0; 1009.10;   24.0;   69.00;   29.2;   18.9;   15.1;eor
        427;20230622;   10;  21.4;   4.2;    9;  27.0;   4;    7.900;-999;  -999;  16.8; 1011.90;   23.3;   62.00;   28.9;   17.1;   15.4;eor
        427;20230623;   10;  11.0;   3.9;    9;  24.1;   4;    0.000;-999;  -999;  18.6; 1010.50;   17.4;   93.00;   18.4;   15.7;   15.6;eor
        427;20230624;   10;   9.8;   3.4;    9;   0.0;   0;   13.100;-999;  -999;  15.2; 1016.90;   19.9;   68.00;   25.6;   14.8;   12.3;eor
        427;20230625;   10;   6.7;   1.7;    9;   0.0;   4;    5.100;-999;  -999;  17.1; 1013.40;   21.9;   67.00;   27.4;   15.0;   11.8;eor
        427;20230626;   10;  18.5;   3.3;    9;  11.4;   4;    8.500;-999;  -999;  17.8; 1007.90;   22.1;   70.00;   31.5;   16.5;   13.4;eor
        427;20230627;   10;  23.0;   5.6;    9;   0.7;   4;    9.200;-999;  -999;  13.1; 1009.60;   16.7;   70.00;   21.3;   13.0;   11.4;eor
        427;20230628;   10;  12.9;   5.0;    9;   0.0;   0;    5.400;-999;  -999;  12.8; 1010.00;   18.4;   62.00;   23.7;   12.7;   10.1;eor
        427;20230629;   10;   6.7;   1.9;    9;   0.6;   4;    4.400;-999;  -999;  15.2; 1008.70;   20.3;   65.00;   25.6;   12.1;    8.9;eor
        427;20230630;   10;   8.2;   2.7;    9;   0.9;   4;    0.500;-999;  -999;  18.0; 1004.70;   19.4;   80.00;   21.9;   16.4;   14.5;eor
        427;20230701;   10;  12.5;   4.8;    9;   0.6;   4;    6.500;-999;  -999;  15.2; 1000.00;   19.6;   69.00;   25.3;   15.6;   14.5;eor
        427;20230702;   10;  18.2;   7.0;    9;   0.0;   4;    7.900;-999;  -999;  12.7; 1000.70;   18.5;   61.00;   22.9;   13.5;   10.7;eor
        427;20230703;   10;  12.9;   4.7;    9;   0.0;   0;    2.400;-999;  -999;  11.4; 1003.70;   17.8;   57.00;   22.3;   13.2;   10.6;eor
        427;20230704;   10;  13.7;   5.2;    9;   0.0;   0;    9.600;-999;  -999;  11.9; 1006.30;   18.7;   56.00;   23.2;   12.9;    9.1;eor
        427;20230705;   10;  16.5;   5.8;    9;   0.0;   4;    6.200;-999;  -999;  12.3; 1005.40;   19.0;   57.00;   25.1;   12.6;    9.7;eor
        427;20230706;   10;   8.7;   2.7;    9;   0.0;   0;    9.800;-999;  -999;  11.3; 1012.10;   17.6;   58.00;   23.2;   11.2;    6.4;eor
        427;20230707;   10;   7.2;   1.8;    9;   0.0;   0;   15.300;-999;  -999;  11.9; 1016.00;   20.7;   53.00;   28.1;    9.8;    4.8;eor
        427;20230708;   10;   8.2;   2.5;    9;   0.0;   0;   15.200;-999;  -999;  12.4; 1014.60;   23.5;   47.00;   31.0;   13.5;    8.1;eor
        427;20230709;   10;   6.2;   2.5;    9;   0.6;   4;   13.500;-999;  -999;  13.7; 1014.50;   24.4;   47.00;   31.7;   14.8;    9.5;eor
        427;20230710;   10;  13.4;   4.3;    9;   1.1;   4;    8.800;-999;  -999;  16.8; 1012.00;   23.2;   59.00;   29.5;   17.7;   12.5;eor
        427;20230711;   10;   8.1;   2.7;    9;   0.0;   0;   14.900;-999;  -999;  15.1; 1009.70;   23.5;   56.00;   29.8;   14.0;    9.7;eor
        427;20230712;   10;  17.1;   5.8;    9;   0.0;   0;    9.400;-999;  -999;  15.0; 1003.10;   24.1;   50.00;   28.7;   17.1;   13.7;eor
        427;20230713;   10;  17.0;   4.2;    9;   0.0;   4;   11.000;-999;  -999;  13.0; 1009.10;   20.3;   57.00;   26.4;   14.3;   10.3;eor
        427;20230714;   10;   7.0;   2.6;    9;   0.0;   0;   11.900;-999;  -999;  12.6; 1010.70;   20.2;   56.00;   27.3;   12.8;    8.6;eor
        427;20230715;   10;  17.3;   3.8;    9;   8.3;   4;   11.200;-999;  -999;  15.3; 1004.10;   25.9;   50.00;   35.4;   15.9;   10.9;eor
        427;20230716;   10;  14.4;   5.2;    9;   0.0;   0;   11.200;-999;  -999;  16.1; 1007.20;   23.2;   59.00;   28.2;   16.9;   12.3;eor
        427;20230717;   10;  13.7;   5.3;    9;   0.0;   4;    9.800;-999;  -999;  12.1; 1010.80;   21.8;   48.00;   27.7;   13.7;   10.5;eor
        427;20230718;   10;  11.8;   3.1;    9;   0.0;   0;   11.800;-999;  -999;  12.0; 1012.70;   18.7;   59.00;   25.8;   11.9;    8.7;eor
        427;20230719;   10;  15.6;   3.3;    9;   1.2;   4;    3.700;-999;  -999;  13.0; 1005.50;   19.7;   60.00;   26.6;   11.8;    7.2;eor
        427;20230720;   10;  10.6;   4.3;    9;   0.0;   4;    5.600;-999;  -999;  13.2; 1006.30;   18.0;   66.00;   23.2;   13.1;    7.3;eor
        427;20230721;   10;  13.9;   1.9;    9;   1.9;   4;    1.100;-999;  -999;  13.2; 1005.40;   15.8;   75.00;   20.9;    9.2;    4.9;eor
        427;20230722;   10;  12.9;   4.6;    9;   0.1;   4;    8.400;-999;  -999;  12.3; 1007.00;   17.3;   65.00;   22.5;   12.1;   11.1;eor
        427;20230723;   10;  18.5;   5.2;    9;   0.0;   4;    3.600;-999;  -999;  13.0; 1003.20;   20.6;   56.00;   28.2;   15.0;   14.0;eor
        427;20230724;   10;  23.7;   4.9;    9;  13.2;   4;    6.700;-999;  -999;  16.4;  997.10;   21.6;   66.00;   30.0;   14.9;   14.3;eor
        427;20230725;   10;   9.3;   4.2;    9;   0.0;   4;    3.100;-999;  -999;  13.5;  998.20;   17.6;   68.00;   21.1;   14.5;   13.8;eor
        427;20230726;   10;  15.1;   4.3;    9;   0.6;   4;    6.900;-999;  -999;  11.7; 1004.20;   16.0;   65.00;   20.7;   11.2;    9.9;eor
        427;20230727;   10;  12.0;   4.1;    9;   9.8;   4;    3.900;-999;  -999;  14.3; 1002.60;   15.6;   81.00;   20.0;   10.6;    8.6;eor
        427;20230728;   10;  12.3;   4.9;    9;   1.1;   4;    2.400;-999;  -999;  19.2;  999.50;   19.2;   87.00;   24.0;   16.2;   14.3;eor
        427;20230729;   10;  12.9;   2.8;    9;   5.0;   4;    4.200;-999;  -999;  19.2; 1001.50;   19.2;   87.00;   25.4;   14.1;   11.4;eor
        427;20230730;   10;  11.7;   4.1;    9;   0.9;   4;    7.300;-999;  -999;  15.7; 1004.00;   18.8;   74.00;   24.6;   14.2;   10.5;eor
        427;20230731;   10;  13.7;   5.4;    9;   1.1;   4;    0.500;-999;  -999;  16.1; 1001.90;   17.9;   79.00;   21.9;   14.4;   13.6;eor
        427;20230801;   10;  19.0;   5.6;    9;   5.3;   4;    2.900;-999;  -999;  16.6;  993.00;   17.9;   81.00;   22.6;   15.2;   13.4;eor
        427;20230802;   10;  14.2;   6.3;    9;   1.1;   4;    4.000;-999;  -999;  15.4;  992.40;   18.9;   71.00;   22.8;   14.8;   13.5;eor
        427;20230803;   10;  20.4;   7.5;    9;   2.9;   4;    4.800;-999;  -999;  16.4;  992.90;   19.1;   76.00;   23.6;   15.6;   13.5;eor
        427;20230804;   10;   8.4;   3.7;    9;   0.0;   4;    8.400;-999;  -999;  15.0; 1004.90;   18.9;   70.00;   23.2;   14.3;    9.9;eor
        427;20230805;   10;   5.7;   2.2;    9;   1.9;   4;    3.200;-999;  -999;  14.9; 1007.00;   17.7;   74.00;   21.8;   12.5;    9.7;eor
        427;20230806;   10;   6.7;   2.3;    9;   5.7;   4;    0.000;-999;  -999;  16.5;  998.50;   15.9;   91.00;   17.5;   13.7;   13.1;eor
        427;20230807;   10;  18.0;   7.6;    9;   2.9;   4;    4.000;-999;  -999;  13.4;  999.80;   16.2;   73.00;   20.4;   13.2;   12.0;eor
        427;20230808;   10;  17.0;   6.6;    9;   9.1;   4;    4.400;-999;  -999;  12.4; 1003.90;   14.8;   74.00;   20.0;   11.6;    9.9;eor
        427;20230809;   10;  15.8;   3.8;    9;   0.6;   4;    6.200;-999;  -999;  12.4; 1008.60;   15.4;   72.00;   20.3;   11.2;    7.5;eor
        427;20230810;   10;   9.8;   2.2;    9;   0.0;   0;    9.200;-999;  -999;  11.9; 1014.70;   15.9;   69.00;   21.8;    9.1;    5.4;eor
        427;20230811;   10;   7.2;   2.0;    9;   0.0;   0;   11.200;-999;  -999;  14.1; 1015.60;   18.6;   68.00;   25.1;    9.6;    6.6;eor
        427;20230812;   10;  14.4;   3.2;    9;   9.5;   4;    3.800;-999;  -999;  18.8; 1011.00;   21.6;   73.00;   28.5;   15.4;   12.5;eor
        427;20230813;   10;   7.0;   2.4;    9;   0.0;   0;    9.300;-999;  -999;  17.0; 1011.70;   21.8;   67.00;   26.7;   17.3;   14.4;eor
        427;20230814;   10;   9.9;   2.4;    9;  17.6;   4;    9.800;-999;  -999;  18.6; 1010.40;   22.6;   70.00;   30.3;   15.8;   11.9;eor
        427;20230815;   10;  15.8;   2.7;    9;   0.0;   4;    9.600;-999;  -999;  22.4; 1010.20;   24.6;   74.00;   31.1;   17.9;   16.4;eor
        427;20230816;   10;   8.2;   2.8;    9;   0.0;   0;    7.800;-999;  -999;  20.3; 1014.10;   23.6;   71.00;   28.2;   19.5;   18.0;eor
        427;20230817;   10;   8.2;   3.9;    9;   0.0;   0;    5.600;-999;  -999;  19.5; 1013.40;   22.0;   74.00;   27.1;   17.7;   16.6;eor
        427;20230818;   10;   8.4;   3.0;    9;   0.0;   4;   11.400;-999;  -999;  20.8; 1011.80;   24.0;   71.00;   29.8;   18.4;   16.6;eor
        427;20230819;   10;   7.0;   2.2;    9;   0.0;   4;   11.800;-999;  -999;  21.6; 1011.70;   25.2;   70.00;   32.9;   18.4;   17.1;eor
        427;20230820;   10;   8.2;   3.2;    9;   0.0;   0;    9.800;-999;  -999;  20.1; 1014.90;   24.6;   66.00;   29.1;   20.0;   17.5;eor
        427;20230821;   10;   9.3;   3.0;    9;   0.0;   0;    8.100;-999;  -999;  17.2; 1016.30;   23.0;   63.00;   27.6;   18.0;   15.6;eor
        427;20230822;   10;   7.2;   2.9;    9;   0.0;   0;    2.000;-999;  -999;  16.5; 1013.70;   21.0;   67.00;   26.2;   14.3;   11.4;eor
        427;20230823;   10;  10.6;   2.9;    9;   0.0;   0;   12.300;-999;  -999;  15.5; 1013.10;   20.7;   66.00;   27.0;   13.7;   10.5;eor
        427;20230824;   10;   7.0;   2.2;    9;   0.0;   4;    9.600;-999;  -999;  16.0; 1010.00;   21.8;   64.00;   28.4;   14.0;   11.1;eor
        427;20230825;   10;  10.3;   3.1;    9;   1.1;   4;    5.300;-999;  -999;  19.7; 1003.10;   22.8;   72.00;   28.5;   18.3;   16.5;eor
        427;20230826;   10;  13.0;   4.1;    9;   0.3;   4;    3.800;-999;  -999;  16.9; 1004.30;   20.2;   72.00;   26.7;   15.5;   12.5;eor
        427;20230827;   10;   8.7;   2.3;    9;   0.1;   4;    0.000;-999;  -999;  14.9; 1004.20;   16.9;   78.00;   20.9;   12.8;   10.0;eor
        427;20230828;   10;   7.7;   2.8;    9;   0.1;   4;    3.200;-999;  -999;  13.3; 1005.20;   15.9;   74.00;   19.8;   11.6;    8.9;eor
        427;20230829;   10;   9.8;   2.5;    9;   4.5;   4;    0.000;-999;  -999;  15.0; 1003.00;   15.1;   88.00;   17.5;   14.0;   13.7;eor
        427;20230830;   10;   6.2;   2.3;    9;   0.0;   4;    1.900;-999;  -999;  14.3; 1001.20;   16.0;   79.00;   20.6;   12.9;   10.9;eor
        427;20230831;   10;  14.6;   4.8;    9;   1.6;   4;    3.400;-999;  -999;  13.0; 1003.30;   14.3;   80.00;   18.8;   10.9;    9.5;eor
        427;20230901;   10;   8.6;   3.1;    9;   0.0;   4;    7.000;-999;  -999;  12.6; 1008.40;   15.5;   73.00;   21.0;    8.4;    6.0;eor
        427;20230902;   10;   8.6;   2.0;    9;   0.0;   0;    6.400;-999;  -999;  13.9; 1014.50;   16.3;   76.00;   22.3;    9.7;    6.8;eor
        427;20230903;   10;   8.7;   3.2;    9;   0.0;   0;    4.300;-999;  -999;  13.3; 1020.00;   17.1;   70.00;   21.6;   12.0;    9.3;eor
        427;20230904;   10;   8.7;   1.6;    9;   0.0;   0;   11.900;-999;  -999;  14.0; 1022.20;   18.3;   69.00;   26.0;   11.2;    8.6;eor
        427;20230905;   10;   9.1;   3.1;    9;   0.0;   0;   12.300;-999;  -999;  15.1; 1018.20;   20.4;   66.00;   28.1;   13.5;   10.6;eor
        427;20230906;   10;   8.7;   2.3;    9;   0.0;   0;   12.200;-999;  -999;  14.8; 1017.40;   20.7;   65.00;   29.2;   12.2;    9.4;eor
        427;20230907;   10;   9.9;   3.7;    9;   0.0;   0;   12.100;-999;  -999;  14.3; 1018.10;   21.4;   60.00;   29.2;   13.8;    9.4;eor
        427;20230908;   10;   8.1;   3.1;    9;   0.0;   0;   12.000;-999;  -999;  14.8; 1015.20;   21.2;   62.00;   29.2;   13.2;    8.9;eor
        427;20230909;   10;   9.9;   2.8;    9;   0.0;   0;   12.000;-999;  -999;  14.4; 1012.30;   21.4;   62.00;   30.6;   13.2;    9.5;eor
        427;20230910;   10;   7.2;   1.5;    9;   0.0;   0;   11.900;-999;  -999;  14.0; 1011.20;   21.6;   60.00;   31.3;   11.8;    8.0;eor
        427;20230911;   10;   6.2;   1.6;    9;   0.0;   0;   11.800;-999;  -999;  14.6; 1008.10;   22.0;   60.00;   31.1;   13.0;    9.5;eor
        427;20230912;   10;   8.4;   2.2;    9;   6.8;   4;   10.600;-999;  -999;  16.6; 1006.40;   22.3;   64.00;   30.3;   13.8;   10.9;eor
        427;20230913;   10;  17.5;   4.7;    9;   0.0;   4;    3.400;-999;  -999;  18.1; 1007.50;   18.8;   83.00;   23.8;   14.7;   14.5;eor
        427;20230914;   10;   7.2;   2.6;    9;   0.0;   0;   10.600;-999;  -999;  11.8; 1016.30;   15.3;   70.00;   21.0;    8.8;    5.1;eor
        427;20230915;   10;  11.0;   3.4;    9;   0.0;   0;   11.100;-999;  -999;  12.8; 1016.10;   16.0;   73.00;   23.6;    8.4;    4.6;eor
        427;20230916;   10;  10.8;   3.3;    9;   0.0;   0;   11.200;-999;  -999;  14.0; 1011.40;   18.1;   69.00;   26.8;   10.1;    6.1;eor
        427;20230917;   10;   7.0;   1.8;    9;   0.0;   0;   10.500;-999;  -999;  15.6; 1009.60;   19.9;   71.00;   27.9;   11.3;    8.2;eor
        427;20230918;   10;  13.4;   4.9;    9;   0.0;   4;    4.600;-999;  -999;  17.1; 1003.10;   21.0;   70.00;   27.8;   15.6;   13.2;eor
        427;20230919;   10;  15.6;   6.1;    9;   0.0;   0;    7.400;-999;  -999;  12.5; 1004.00;   18.1;   62.00;   21.4;   14.8;   12.6;eor
        427;20230920;   10;  12.9;   5.2;    9;   0.0;   0;    7.000;-999;  -999;  13.2; 1004.60;   19.1;   60.00;   25.8;   14.4;   11.7;eor
        427;20230921;   10;   8.9;   3.4;    9;   1.5;   4;   10.400;-999;  -999;  14.7;  997.50;   20.7;   63.00;   29.1;   12.9;    9.3;eor
        427;20230922;   10;  11.5;   3.9;    9;   1.4;   4;    0.100;-999;  -999;  16.3;  997.80;   16.4;   88.00;   18.3;   13.4;   12.2;eor
        427;20230923;   10;  11.3;   4.5;    9;   0.0;   0;    5.000;-999;  -999;  12.0; 1007.70;   14.5;   74.00;   19.3;    9.5;    6.8;eor
        427;20230924;   10;   5.3;   2.3;    9;   0.1;   4;    6.000;-999;  -999;  11.6; 1020.40;   13.6;   76.00;   20.2;    8.4;    3.8;eor
        427;20230925;   10;   8.1;   2.9;    9;   0.0;   4;   10.000;-999;  -999;  12.5; 1020.80;   14.7;   78.00;   22.2;    7.8;    4.1;eor
        427;20230926;   10;   7.9;   2.3;    9;   0.0;   0;    6.900;-999;  -999;  15.6; 1017.00;   16.8;   83.00;   24.8;   10.4;    7.0;eor
        427;20230927;   10;   6.5;   1.9;    9;   0.0;   0;    9.600;-999;  -999;  16.4; 1014.60;   18.8;   78.00;   27.0;   11.2;    8.5;eor
        427;20230928;   10;   6.2;   2.3;    9;   0.0;   0;   10.300;-999;  -999;  15.3; 1011.70;   19.3;   70.00;   27.2;   13.1;    8.9;eor
        427;20230929;   10;  14.9;   3.0;    9;   0.2;   4;    2.300;-999;  -999;  16.3; 1011.10;   18.9;   75.00;   23.3;   11.0;    8.6;eor
        427;20230930;   10;  14.4;   4.8;    9;   0.0;   0;    7.100;-999;  -999;  12.1; 1018.20;   15.0;   72.00;   20.7;   10.5;    7.4;eor
        427;20231001;   10;   8.7;   3.1;    9;   0.5;   4;    3.000;-999;  -999;  12.6; 1017.60;   16.0;   70.00;   21.3;   11.9;   11.0;eor
        427;20231002;   10;   9.8;   2.9;    9;   0.0;   0;    8.900;-999;  -999;  14.9; 1014.10;   19.9;   65.00;   26.2;   13.9;   10.6;eor
        427;20231003;   10;  22.3;   5.8;    9;   8.8;   4;    1.900;-999;  -999;  14.5; 1006.80;   17.8;   74.00;   26.4;   11.8;    8.2;eor
        427;20231004;   10;  14.1;   6.6;    9;   0.0;   4;    4.200;-999;  -999;  11.9; 1017.10;   14.1;   74.00;   17.7;   11.1;    9.8;eor
        427;20231005;   10;  13.9;   5.6;    9;   2.2;   4;    1.300;-999;  -999;  12.0; 1015.80;   12.4;   83.00;   17.5;    8.7;    5.8;eor
        427;20231006;   10;  13.5;   5.6;    9;   0.3;   4;    1.500;-999;  -999;  13.3; 1015.40;   15.1;   78.00;   18.7;   10.2;   10.1;eor
        427;20231007;   10;  15.6;   6.9;    9;  15.9;   4;    0.000;-999;  -999;  14.7; 1009.20;   15.6;   83.00;   18.4;   10.7;   10.6;eor
        427;20231008;   10;   7.0;   2.6;    9;   4.0;   4;    8.100;-999;  -999;   9.4; 1017.90;   12.0;   69.00;   15.8;    9.5;    7.4;eor
        427;20231009;   10;   6.7;   2.6;    9;   1.8;   4;    0.000;-999;  -999;  11.2; 1012.70;    9.9;   92.00;   11.0;    8.6;    8.6;eor
        427;20231010;   10;   7.7;   2.8;    9;   0.1;   4;    0.100;-999;  -999;  14.4; 1012.00;   13.9;   90.00;   17.1;   10.1;   10.3;eor
        427;20231011;   10;  13.4;   6.1;    9;   1.7;   4;    6.200;-999;  -999;  13.9; 1005.60;   18.9;   65.00;   23.8;   13.9;   11.3;eor
        427;20231012;   10;  10.3;   3.8;    9;   2.6;   4;    0.100;-999;  -999;  13.9; 1006.90;   14.8;   83.00;   19.8;   12.2;   11.8;eor
        427;20231013;   10;  12.2;   5.5;    9;   1.0;   4;    1.600;-999;  -999;  16.0; 1003.10;   17.7;   80.00;   22.3;   12.7;   12.6;eor
        427;20231014;   10;  20.2;   7.4;    9;   1.8;   4;    5.100;-999;  -999;  11.4; 1000.50;   14.4;   69.00;   20.5;    7.3;    5.6;eor
        427;20231015;   10;  13.7;   7.0;    9;   0.0;   4;    4.700;-999;  -999;   7.7; 1009.10;    8.2;   71.00;   11.7;    5.4;    3.8;eor
        427;20231016;   10;   8.2;   3.9;    9;   0.0;   4;    4.100;-999;  -999;   7.8; 1014.40;    6.6;   81.00;   11.6;    2.5;    0.4;eor
        427;20231017;   10;   4.6;   1.3;    9;   0.0;   0;    2.100;-999;  -999;   7.8; 1015.40;    6.9;   80.00;   12.0;    0.8;   -2.5;eor
        427;20231018;   10;   8.2;   3.2;    9;   0.0;   4;    8.800;-999;  -999;   7.1; 1008.40;    5.6;   79.00;   12.5;   -1.0;   -3.6;eor
        427;20231019;   10;   9.6;   5.4;    9;   2.8;   4;    0.000;-999;  -999;   8.6;  993.90;    6.6;   88.00;    7.3;    5.5;    4.5;eor
        427;20231020;   10;  15.8;   7.4;    9;   5.0;   4;    0.000;-999;  -999;   8.9;  985.90;    6.0;   94.00;    6.9;    4.9;    4.9;eor
        427;20231021;   10;  17.0;   4.0;    9;   5.9;   4;    3.400;-999;  -999;  11.7;  992.50;   11.5;   87.00;   19.3;    6.6;    6.4;eor
        427;20231022;   10;   9.8;   3.3;    9;   0.0;   4;    3.300;-999;  -999;  12.3; 1002.60;   12.7;   84.00;   17.5;   10.0;    6.9;eor
        427;20231023;   10;   6.2;   2.2;    9;   0.5;   4;    4.400;-999;  -999;  11.3; 1008.20;   10.6;   89.00;   16.6;    6.6;    3.1;eor
        427;20231024;   10;   6.9;   2.7;    9;  12.5;   4;    0.000;-999;  -999;  12.6; 1000.20;   11.2;   95.00;   13.5;    8.6;    7.8;eor
        427;20231025;   10;   6.7;   2.7;    9;  10.5;   4;    3.100;-999;  -999;  11.7;  995.10;   10.7;   91.00;   13.9;    8.5;    6.3;eor
        427;20231026;   10;   6.7;   2.4;    9;   0.6;   4;    0.000;-999;  -999;  11.6;  988.80;    9.8;   96.00;   10.6;    9.3;    9.1;eor
        427;20231027;   10;   5.7;   2.6;    9;  10.7;   4;    0.000;-999;  -999;  11.3;  988.90;    9.3;   97.00;   10.1;    8.6;    8.4;eor
        427;20231028;   10;   5.1;   2.0;    9;   6.5;   4;    0.200;-999;  -999;  11.6;  994.20;   10.1;   94.00;   12.1;    8.6;    6.7;eor
        427;20231029;   10;  13.7;   5.4;    9;   4.5;   4;    0.000;-999;  -999;  12.0;  994.60;   11.9;   87.00;   15.4;    8.5;    7.2;eor
        427;20231030;   10;  11.1;   4.6;    9;   2.6;   4;    1.800;-999;  -999;  11.9;  996.50;   12.8;   81.00;   16.5;   10.7;    9.5;eor
        427;20231031;   10;  17.8;   5.8;    9;   3.0;   4;    0.700;-999;  -999;  11.1;  992.70;   10.8;   85.00;   13.7;    6.0;    4.1;eor
        427;20231101;   10;   8.4;   3.4;    9;   0.0;   4;    3.100;-999;  -999;  10.3;  999.60;   10.5;   80.00;   15.3;    6.7;    6.3;eor
        427;20231102;   10;  10.5;   4.9;    9;   4.7;   4;    1.000;-999;  -999;  10.6;  986.70;   11.0;   81.00;   13.8;    8.2;    5.0;eor
        427;20231103;   10;   7.2;   3.5;    9;   0.2;   4;    0.000;-999;  -999;  10.0;  981.20;    9.3;   85.00;   10.7;    8.3;    6.0;eor
        427;20231104;   10;  12.3;   5.8;    9;   2.1;   4;    5.500;-999;  -999;   8.2;  982.30;    8.6;   74.00;   11.8;    5.6;    3.6;eor
        427;20231105;   10;  14.4;   6.1;    9;   4.4;   4;    0.900;-999;  -999;  10.5;  975.70;   10.2;   85.00;   13.4;    8.0;    6.1;eor
        427;20231106;   10;  13.5;   7.6;    9;   0.0;   4;    2.800;-999;  -999;   9.4;  994.20;   10.9;   72.00;   13.4;    8.5;    6.5;eor
        427;20231107;   10;  11.5;   6.0;    9;   0.0;   4;    4.000;-999;  -999;   9.4; 1003.90;    9.5;   79.00;   13.2;    6.9;    4.6;eor
        427;20231108;   10;  10.5;   5.6;    9;   0.6;   4;    0.900;-999;  -999;   8.9; 1005.90;    8.6;   80.00;   11.6;    5.7;    3.2;eor
        427;20231109;   10;  12.3;   5.5;    9;   0.3;   4;    0.100;-999;  -999;   8.5;  999.20;    9.5;   72.00;   12.4;    5.6;    3.1;eor
        427;20231110;   10;   9.3;   4.4;    9;   0.0;   4;    0.800;-999;  -999;   9.0;  994.60;    8.3;   82.00;   10.5;    4.7;    2.2;eor
        427;20231111;   10;   9.3;   2.8;    9;   0.2;   4;    0.500;-999;  -999;   8.1;  996.00;    5.6;   88.00;    9.6;    1.5;   -1.7;eor
        427;20231112;   10;   7.5;   2.8;    9;   0.2;   4;    0.100;-999;  -999;   8.6; 1000.90;    6.3;   90.00;    8.2;    2.8;   -0.1;eor
        427;20231113;   10;  10.1;   4.0;    9;   5.2;   4;    4.600;-999;  -999;   8.2;  999.70;    6.7;   83.00;    9.4;    3.4;    0.7;eor
        427;20231114;   10;  19.4;   8.3;    9;   2.9;   4;    1.600;-999;  -999;  10.2;  993.40;   10.7;   80.00;   13.9;    8.3;    6.5;eor
        427;20231115;   10;  12.9;   5.2;    9;   2.7;   4;    0.600;-999;  -999;   9.0; 1002.90;    7.4;   87.00;    9.7;    3.0;    0.9;eor
        427;20231116;   10;  11.1;   4.6;    9;   0.2;   4;    1.600;-999;  -999;   7.9; 1005.30;    5.4;   87.00;    9.2;   -0.5;   -2.4;eor
        427;20231117;   10;  12.3;   5.8;    9;   0.3;   4;    0.000;-999;  -999;   6.9; 1009.10;    3.7;   87.00;    5.4;   -0.6;   -2.1;eor
        427;20231118;   10;   7.7;   3.6;    9;   6.8;   4;    0.600;-999;  -999;   7.2; 1017.10;    4.3;   87.00;    6.0;    3.1;    1.3;eor
        427;20231119;   10;  11.7;   5.7;    9;  12.3;   4;    1.000;-999;  -999;   9.5; 1001.90;    7.8;   88.00;   12.3;    3.8;    3.2;eor
        427;20231120;   10;  10.8;   3.7;    9;  17.1;   4;    0.000;-999;  -999;  11.4; 1000.10;    9.4;   96.00;   10.6;    8.2;    7.9;eor
        427;20231121;   10;   9.3;   4.7;    9;   0.1;   4;    0.000;-999;  -999;   6.8; 1009.90;    3.5;   86.00;    8.3;   -0.2;   -1.8;eor
        427;20231122;   10;   9.8;   3.3;    9;   0.0;   4;    5.700;-999;  -999;   4.4; 1021.60;   -0.5;   74.00;    2.4;   -3.7;   -6.8;eor
        427;20231123;   10;  21.8;  10.0;    9;   5.6;   4;    0.000;-999;  -999;   8.5; 1003.80;    6.8;   83.00;   11.5;    0.6;    0.2;eor
        427;20231124;   10;  23.0;   7.8;    9;   3.6;   4;    0.500;-999;  -999;   6.5;  992.30;    4.2;   79.00;    7.5;    0.1;   -0.7;eor
        427;20231125;   10;  13.9;   4.6;    9;   0.8;   4;    1.800;-999;  -999;   5.7;  998.00;    1.1;   87.00;    2.5;   -0.2;   -1.6;eor
        427;20231126;   10;   7.9;   2.9;    9;   0.0;   0;    3.200;-999;  -999;   4.7; 1005.70;   -0.4;   79.00;    1.5;   -2.8;   -3.9;eor
        427;20231127;   10;  10.6;   3.7;    9;   1.7;   4;    0.000;-999;  -999;   5.4;  999.40;   -0.4;   90.00;    1.8;   -2.5;   -3.3;eor
        427;20231128;   10;  10.6;   4.3;    9;   0.1;   4;    1.100;-999;  -999;   4.5;  995.20;   -2.3;   87.00;   -0.6;   -6.9;   -8.2;eor
        427;20231129;   10;  11.3;   5.7;    9;   1.2;   4;    0.000;-999;  -999;   4.9;  996.00;   -1.5;   88.00;    0.9;   -4.7;   -4.6;eor
        427;20231130;   10;   6.7;   2.0;    9;   0.0;   0;    2.400;-999;  -999;   4.3;  997.70;   -2.9;   88.00;    1.7;   -6.1;   -6.4;eor
        427;20231201;   10;   4.6;   2.0;    9;   0.0;   4;    3.900;-999;  -999;   3.7; 1000.70;   -4.9;   88.00;   -0.9;   -7.7;   -6.7;eor
        427;20231202;   10;   7.2;   3.0;    9;   0.3;   4;    0.000;-999;  -999;   4.0; 1005.10;   -4.4;   91.00;   -1.7;   -6.8;   -4.8;eor
        427;20231203;   10;   7.2;   3.4;    9;   0.2;   4;    0.000;-999;  -999;   4.4; 1014.50;   -2.6;   88.00;   -1.5;   -7.3;   -7.5;eor
        427;20231204;   10;   8.4;   3.5;    9;   0.0;   0;    0.000;-999;  -999;   4.0; 1011.20;   -3.4;   85.00;   -1.0;   -7.9;   -7.8;eor
        427;20231205;   10;  10.3;   5.2;    9;   1.0;   4;    0.000;-999;  -999;   4.6; 1004.00;   -1.4;   84.00;    0.0;   -4.2;   -5.1;eor
        427;20231206;   10;   8.7;   3.5;    9;   1.5;   4;    0.000;-999;  -999;   6.0; 1006.60;    0.6;   94.00;    1.4;    0.0;   -0.2;eor
        427;20231207;   10;   4.1;   2.2;    9;   0.0;   4;    0.000;-999;  -999;   6.3; 1013.50;    0.9;   96.00;    1.5;    0.6;    0.2;eor
        427;20231208;   10;   9.6;   4.4;    9;   0.6;   4;    0.500;-999;  -999;   6.0; 1008.20;    0.8;   92.00;    1.4;    0.4;   -0.6;eor
        427;20231209;   10;   9.8;   3.7;    9;   4.3;   4;    0.600;-999;  -999;   7.0; 1003.60;    2.9;   92.00;    5.5;    0.9;    0.5;eor
        427;20231210;   10;  12.7;   5.9;    9;   6.9;   4;    0.000;-999;  -999;   8.2;  996.50;    5.5;   90.00;    7.9;    2.1;    0.1;eor
        427;20231211;   10;  14.1;   6.5;    9;  18.1;   4;    0.100;-999;  -999;   9.7;  992.20;    7.9;   91.00;    9.6;    5.8;    5.3;eor
        427;20231212;   10;   9.6;   3.4;    9;   3.1;   4;    0.900;-999;  -999;   8.5; 1000.00;    5.6;   93.00;    7.7;    2.5;    0.7;eor
        427;20231213;   10;   6.7;   3.4;    9;   9.7;   4;    0.000;-999;  -999;   8.3;  994.80;    4.5;   98.00;    5.4;    3.0;    2.7;eor
        427;20231214;   10;   6.7;   2.9;    9;   0.1;   4;    0.000;-999;  -999;   7.1; 1009.00;    3.0;   93.00;    4.0;    1.6;    0.6;eor
        427;20231215;   10;   7.7;   3.1;    9;   0.1;   4;    0.000;-999;  -999;   7.3; 1024.80;    3.0;   95.00;    6.1;   -0.4;   -2.0;eor
        427;20231216;   10;  10.3;   5.3;    9;   0.0;   0;    1.100;-999;  -999;   8.6; 1028.90;    7.0;   85.00;    8.4;    5.3;    4.1;eor
        427;20231217;   10;  10.3;   5.8;    9;   0.0;   0;    1.600;-999;  -999;   8.8; 1026.20;    7.4;   85.00;    9.8;    4.1;    2.6;eor
        427;20231218;   10;  13.4;   5.7;    9;   0.0;   0;    0.000;-999;  -999;   7.7; 1021.30;    5.8;   84.00;    7.7;    3.5;    1.9;eor
        427;20231219;   10;  10.3;   5.7;    9;   9.1;   4;    0.000;-999;  -999;   7.9; 1010.30;    6.0;   84.00;    6.6;    4.8;    4.1;eor
        427;20231220;   10;  15.3;   7.2;    9;   7.9;   4;    0.000;-999;  -999;   7.9; 1001.30;    5.2;   89.00;    6.6;    3.8;    2.4;eor
        427;20231221;   10;  22.1;  10.4;    9;   8.6;   4;    0.000;-999;  -999;   8.8;  982.90;    6.9;   88.00;    9.7;    4.2;    3.7;eor
        427;20231222;   10;  21.6;  11.5;    9;   3.7;   4;    2.500;-999;  -999;   5.9;  983.80;    3.5;   75.00;    5.0;    0.0;   -1.0;eor
        427;20231223;   10;  15.8;   6.7;    9;  10.9;   4;    0.000;-999;  -999;   6.1;  994.00;    1.6;   89.00;    2.5;    0.3;    0.0;eor
        427;20231224;   10;  19.5;   7.1;    9;  17.7;   4;    0.000;-999;  -999;   9.7;  993.10;    6.7;   96.00;   12.0;    0.2;    0.0;eor
        427;20231225;   10;  21.8;   8.2;    9;   9.4;   4;    0.600;-999;  -999;  10.0;  995.80;    9.9;   82.00;   11.4;    8.4;    6.9;eor
        427;20231226;   10;  19.0;   8.3;    9;   1.6;   4;    2.400;-999;  -999;   9.0; 1001.50;    8.5;   81.00;   10.3;    4.4;    2.7;eor
        427;20231227;   10;  10.1;   4.2;    9;   0.1;   4;    4.100;-999;  -999;   6.6; 1013.30;    3.3;   85.00;    5.2;   -0.3;   -1.4;eor
        427;20231228;   10;  13.5;   7.1;    9;   0.0;   0;    2.700;-999;  -999;   7.7; 1005.60;    7.9;   72.00;   10.4;    4.1;    0.9;eor
        427;20231229;   10;  16.5;   8.9;    9;   0.7;   4;    1.700;-999;  -999;   8.6; 1001.10;    9.4;   73.00;   11.4;    7.2;    5.2;eor
        427;20231230;   10;  15.3;   6.0;    9;   0.0;   0;    0.000;-999;  -999;   7.7; 1004.60;    5.9;   82.00;    9.3;    3.7;   -0.3;eor
        427;20231231;   10;   8.6;   4.1;    9;   0.2;   4;    0.000;-999;  -999;   7.7; 1001.30;    5.9;   83.00;    7.9;    2.5;   -0.9;eor
        427;20240101;   10;  10.3;   5.0;    9;   0.5;   4;    0.400;-999;  -999;   7.7;  999.40;    6.2;   82.00;    8.1;    3.8;    0.4;eor
        427;20240102;   10;  10.3;   4.5;    9;  11.7;   4;    0.000;-999;  -999;   8.1;  993.10;    4.7;   93.00;    8.5;    2.1;   -0.4;eor
        427;20240103;   10;  14.2;   7.5;    9;   0.3;   4;    0.100;-999;  -999;   9.5;  984.00;    9.5;   80.00;   11.6;    8.1;    5.8;eor
        427;20240104;   10;  18.0;   6.7;    9;   1.7;   4;    0.000;-999;  -999;   7.2;  992.00;    4.1;   85.00;    8.8;   -0.4;   -2.0;eor
        427;20240105;   10;  10.1;   4.3;    9;   2.9;   4;    0.000;-999;  -999;   5.9;  999.60;    0.4;   93.00;    0.9;   -0.3;   -0.3;eor
        427;20240106;   10;  11.3;   5.6;    9;   0.0;   4;    0.000;-999;  -999;   5.4; 1005.30;   -0.3;   90.00;    0.9;   -1.5;   -1.5;eor
        427;20240107;   10;  14.2;   5.5;    9;   0.0;   4;    0.000;-999;  -999;   3.6; 1016.80;   -2.7;   71.00;   -0.9;   -7.8;   -8.6;eor
        427;20240108;   10;  11.3;   4.7;    9;   0.0;   0;    6.400;-999;  -999;   2.4; 1027.20;   -7.3;   70.00;   -4.0;   -9.7;  -12.9;eor
        427;20240109;   10;   4.8;   2.4;    9;   0.0;   0;    6.500;-999;  -999;   2.4; 1031.30;   -8.8;   78.00;   -3.9;  -12.1;  -14.2;eor
        427;20240110;   10;   4.1;   2.0;    9;   0.0;   0;    6.500;-999;  -999;   2.6; 1027.50;   -7.2;   74.00;   -1.2;  -10.7;  -12.8;eor
        427;20240111;   10;   5.1;   2.6;    9;   0.0;   4;    0.000;-999;  -999;   4.4; 1023.90;   -4.1;   94.00;    0.0;  -10.2;  -11.7;eor
        427;20240112;   10;   7.7;   3.2;    9;   0.2;   4;    0.000;-999;  -999;   5.8; 1021.80;   -0.2;   96.00;    1.1;   -1.1;   -1.0;eor
        427;20240113;   10;  13.7;   7.2;    9;   2.6;   4;    0.000;-999;  -999;   6.5; 1008.90;    1.9;   92.00;    2.8;    1.0;    0.3;eor
        427;20240114;   10;  13.0;   7.4;    9;   0.4;   4;    0.200;-999;  -999;   6.3;  996.10;    2.3;   88.00;    3.3;    1.0;    0.1;eor
        427;20240115;   10;  17.0;   8.2;    9;   3.1;   4;    0.100;-999;  -999;   5.5;  988.20;    1.2;   82.00;    3.0;   -1.6;   -3.0;eor
        427;20240116;   10;   9.8;   3.4;    9;   0.1;   4;    0.000;-999;  -999;   4.8;  999.10;   -1.4;   88.00;    0.6;   -6.1;   -9.3;eor
        427;20240117;   10;   7.0;   3.4;    9;   1.8;   4;    2.600;-999;  -999;   4.2;  989.80;   -2.7;   84.00;   -0.4;   -6.0;  -10.0;eor
        427;20240118;   10;   5.0;   2.8;    9;   0.0;   0;    1.400;-999;  -999;   4.1;  991.40;   -3.8;   88.00;   -0.8;   -9.4;  -12.0;eor
        427;20240119;   10;  11.5;   5.8;    9;   0.0;   4;    5.900;-999;  -999;   4.1; 1008.70;   -2.7;   82.00;    1.6;   -9.3;  -11.9;eor
        427;20240120;   10;  14.7;   6.7;    9;   0.0;   0;    3.300;-999;  -999;   4.5; 1019.40;   -0.6;   77.00;    2.3;   -5.6;   -9.9;eor
        427;20240121;   10;  11.8;   4.9;    9;   0.0;   4;    0.400;-999;  -999;   3.5; 1019.00;   -0.9;   62.00;    2.9;   -6.2;  -10.2;eor
        427;20240122;   10;  19.0;   8.4;    9;   1.4;   4;    0.000;-999;  -999;   7.4; 1004.70;    6.4;   76.00;    9.4;    1.9;   -0.1;eor
        427;20240123;   10;  16.3;   7.2;    9;   4.4;   4;    0.200;-999;  -999;   7.0; 1012.20;    5.5;   78.00;    8.1;    2.9;   -0.1;eor
        427;20240124;   10;  24.0;  12.3;    9;   2.2;   4;    1.500;-999;  -999;   8.9; 1004.80;    8.9;   78.00;   11.4;    4.8;    3.8;eor
        427;20240125;   10;  20.2;   9.2;    9;   0.0;   0;    0.700;-999;  -999;   7.2; 1015.40;    7.2;   71.00;    8.9;    1.0;   -2.1;eor
        427;20240126;   10;  19.4;   6.0;    9;   3.5;   4;    0.000;-999;  -999;   7.5; 1014.90;    4.6;   87.00;    9.6;   -0.4;   -3.1;eor
        427;20240127;   10;  15.1;   6.2;    9;   0.0;   0;    1.800;-999;  -999;   6.5; 1025.40;    4.1;   79.00;    7.1;   -1.0;   -3.1;eor
        427;20240128;   10;   7.5;   3.0;    9;   0.0;   0;    7.500;-999;  -999;   5.6; 1028.70;    2.0;   80.00;    8.0;   -2.5;   -5.7;eor
        427;20240129;   10;   8.2;   3.8;    9;   0.0;   0;    6.200;-999;  -999;   5.1; 1023.90;    3.6;   67.00;   10.4;   -1.0;   -3.9;eor
        427;20240130;   10;   6.7;   3.0;    9;   0.0;   4;    0.600;-999;  -999;   6.2; 1022.50;    4.7;   73.00;    8.9;    0.1;   -2.8;eor
        427;20240131;   10;  13.0;   6.1;    9;   1.5;   4;    0.100;-999;  -999;   6.9; 1023.10;    5.6;   75.00;    8.0;    4.1;    2.0;eor
        427;20240201;   10;  15.9;   7.7;    9;   0.0;   4;    5.000;-999;  -999;   7.0; 1017.10;    6.1;   74.00;    8.8;    3.9;    2.7;eor
        427;20240202;   10;  15.9;   7.2;    9;   0.0;   4;    0.000;-999;  -999;   7.4; 1016.70;    6.1;   79.00;    8.6;    3.7;    1.9;eor
        427;20240203;   10;  15.8;   8.4;    9;   1.6;   4;    0.000;-999;  -999;  10.4; 1011.70;    9.5;   87.00;   11.3;    7.1;    5.7;eor
        427;20240204;   10;  19.5;   7.8;    9;  12.3;   4;    0.000;-999;  -999;   8.0; 1008.40;    7.0;   80.00;    8.8;    4.2;    2.4;eor
        427;20240205;   10;  20.2;  10.6;    9;   1.9;   4;    0.000;-999;  -999;  10.0; 1003.40;    9.8;   83.00;   10.6;    6.7;    6.4;eor
        427;20240206;   10;  18.7;  11.2;    9;   9.1;   4;    0.000;-999;  -999;   9.0;  998.50;   10.0;   73.00;   11.4;    8.8;    8.0;eor
        427;20240207;   10;  20.4;   6.7;    9;   0.1;   4;    0.100;-999;  -999;   6.5;  995.70;    3.9;   79.00;    9.4;   -0.9;   -3.6;eor
        427;20240208;   10;   6.5;   2.2;    9;   7.3;   4;    0.000;-999;  -999;   6.0;  996.00;    0.7;   94.00;    4.1;   -1.9;   -4.6;eor
        427;20240209;   10;   9.6;   3.8;    9;   6.8;   4;    0.000;-999;  -999;   7.8;  986.20;    3.8;   96.00;    9.1;    0.3;    0.0;eor
        427;20240210;   10;   7.4;   3.1;    9;   0.7;   4;    3.400;-999;  -999;  11.2;  985.50;    9.8;   93.00;   14.3;    7.7;    6.1;eor
        427;20240211;   10;   9.6;   4.4;    9;  10.5;   4;    0.000;-999;  -999;  10.3;  985.00;    8.1;   95.00;    9.1;    6.5;    6.3;eor
        427;20240212;   10;  13.4;   5.4;    9;   0.3;   4;    0.500;-999;  -999;   8.8;  994.60;    6.9;   89.00;    9.6;    2.4;    0.4;eor
        427;20240213;   10;  10.3;   4.4;    9;   0.0;   4;    2.500;-999;  -999;   7.0; 1010.40;    4.9;   82.00;    9.1;    0.6;   -2.2;eor
        427;20240214;   10;   9.8;   4.2;    9;   3.9;   4;    0.000;-999;  -999;   8.5; 1011.80;    6.0;   89.00;   10.1;    0.8;   -1.3;eor
        427;20240215;   10;   6.2;   3.7;    9;   0.0;   4;    0.000;-999;  -999;  11.9; 1011.60;   10.9;   92.00;   13.7;    8.4;    7.3;eor
        427;20240216;   10;   9.8;   4.6;    9;   3.0;   4;    1.700;-999;  -999;  11.2; 1009.00;   11.6;   82.00;   16.4;    8.1;    6.2;eor
        427;20240217;   10;  13.9;   5.1;    9;   0.0;   0;    1.500;-999;  -999;   8.9; 1020.90;    8.9;   77.00;   11.9;    5.9;    5.0;eor
        427;20240218;   10;   9.3;   3.8;    9;   2.7;   4;    0.800;-999;  -999;   7.7; 1022.20;    6.8;   77.00;   10.3;    1.0;   -2.3;eor
        427;20240219;   10;  14.9;   6.5;    9;   2.8;   4;    0.200;-999;  -999;   9.7; 1012.20;    7.8;   92.00;    9.2;    6.2;    5.3;eor
        427;20240220;   10;  13.9;   5.5;    9;   1.6;   4;    0.000;-999;  -999;   8.9; 1016.10;    7.9;   84.00;    8.6;    6.7;    5.9;eor
        427;20240221;   10;  11.3;   5.6;    9;   0.0;   4;    0.800;-999;  -999;   8.7; 1009.10;    8.3;   80.00;   11.7;    6.5;    4.1;eor
        427;20240222;   10;  13.5;   5.7;    9;   4.3;   4;    0.400;-999;  -999;  10.0;  988.60;    9.7;   83.00;   12.3;    7.8;    6.1;eor
        427;20240223;   10;  20.6;   6.4;    9;   0.0;   0;    3.400;-999;  -999;   6.9;  989.50;    7.8;   65.00;   11.6;    2.7;   -0.3;eor
        427;20240224;   10;  11.7;   3.6;    9;   0.0;   0;    6.300;-999;  -999;   6.4;  997.20;    5.4;   72.00;   11.6;    0.3;   -3.8;eor
        427;20240225;   10;  10.3;   3.0;    9;   0.2;   4;    4.800;-999;  -999;   6.5; 1000.30;    5.4;   74.00;   13.1;   -0.1;   -3.8;eor
        427;20240226;   10;   8.7;   3.7;    9;   0.0;   4;    5.800;-999;  -999;   7.2; 1000.90;    5.3;   82.00;   11.1;   -1.4;   -4.6;eor
        427;20240227;   10;   7.2;   3.8;    9;   0.0;   0;    0.000;-999;  -999;   7.6; 1009.40;    5.0;   87.00;    6.8;    4.0;    2.8;eor
        427;20240228;   10;   6.3;   2.8;    9;   0.0;   4;    1.800;-999;  -999;   6.4; 1015.20;    2.7;   87.00;    4.8;   -1.4;   -3.5;eor
        427;20240229;   10;  11.3;   3.9;    9;   0.0;   0;    8.900;-999;  -999;   6.7; 1010.60;    4.2;   81.00;   10.1;   -2.6;   -5.1;eor
        427;20240301;   10;   6.2;   2.6;    3;   0.2;   4;    0.000;-999;  -999;   9.4; 1001.60;    7.7;   89.00;   10.1;    5.7;    3.4;eor
        427;20240302;   10;   6.9;   2.7;    3;   0.0;   4;    2.600;-999;  -999;   9.9; 1001.10;    9.3;   85.00;   13.6;    6.8;    4.2;eor
        427;20240303;   10;  11.3;   4.1;    3;   0.0;   0;    3.900;-999;  -999;   9.8;  999.60;   10.1;   80.00;   15.0;    6.1;    3.8;eor
        427;20240304;   10;   7.2;   3.2;    3;   0.0;   0;    5.600;-999;  -999;   9.3; 1003.70;    8.6;   84.00;   12.6;    4.8;    0.4;eor
        427;20240305;   10;   8.7;   3.8;    3;   0.0;   0;    7.700;-999;  -999;   6.1; 1010.60;    4.3;   75.00;    7.9;   -2.1;   -5.6;eor
        427;20240306;   10;   7.7;   3.0;    3;   0.0;   0;    2.600;-999;  -999;   6.4; 1018.10;    3.3;   83.00;    7.9;   -2.6;   -6.8;eor
        427;20240307;   10;  10.6;   4.1;    3;   0.0;   0;   10.000;-999;  -999;   5.8; 1020.10;    4.3;   71.00;    8.3;   -1.3;   -5.9;eor
        427;20240308;   10;  11.1;   4.4;    3;   0.0;   0;   10.200;-999;  -999;   4.8; 1014.20;    3.1;   66.00;    9.6;   -2.7;   -6.0;eor
        427;20240309;   10;  11.5;   5.0;    3;   0.0;   0;    4.800;-999;  -999;   6.2; 1004.00;    4.9;   72.00;   10.1;   -0.4;   -2.0;eor
        427;20240310;   10;  13.0;   6.1;    3;   0.0;   4;    4.400;-999;  -999;   7.7;  997.60;    8.1;   72.00;   12.9;    2.5;    0.5;eor
        427;20240311;   10;   9.9;   3.8;    3;   0.0;   0;    0.800;-999;  -999;   9.0;  998.70;   10.0;   73.00;   14.1;    3.6;   -0.5;eor
        427;20240312;   10;   8.6;   2.4;    3;   0.0;   0;    5.600;-999;  -999;   8.1; 1007.20;    8.6;   74.00;   15.0;    2.0;   -1.6;eor
        427;20240313;   10;   8.2;   3.0;    3;   0.6;   4;    8.700;-999;  -999;   8.3; 1010.40;    9.0;   73.00;   14.7;    4.3;   -0.8;eor
        427;20240314;   10;   8.2;   3.3;    3;   0.0;   0;    0.200;-999;  -999;  10.7; 1008.40;   10.5;   85.00;   15.2;    6.8;    5.0;eor
        427;20240315;   10;  11.8;   4.4;    3;   0.0;   4;    5.800;-999;  -999;  10.8; 1003.70;   12.4;   77.00;   19.0;    6.8;    4.2;eor
        427;20240316;   10;  13.9;   5.4;    3;   1.1;   4;    2.000;-999;  -999;   9.2; 1008.20;    9.0;   78.00;   14.1;    1.6;   -1.5;eor
        427;20240317;   10;  12.9;   3.9;    3;   0.0;   0;    6.400;-999;  -999;   5.6; 1017.30;    4.1;   70.00;    9.1;   -0.7;   -4.1;eor
        427;20240318;   10;   9.9;   3.5;    3;   0.0;   0;   10.800;-999;  -999;   4.7; 1015.50;    1.7;   70.00;    8.1;   -3.3;   -7.6;eor
        427;20240319;   10;   8.7;   3.0;    3;   0.0;   4;    9.700;-999;  -999;   4.9; 1016.50;    3.7;   64.00;   10.4;   -3.8;   -7.8;eor
        427;20240320;   10;   5.7;   2.4;    3;   1.1;   4;    7.500;-999;  -999;   7.1; 1014.30;    9.7;   60.00;   17.5;    1.0;   -2.0;eor
        427;20240321;   10;  12.9;   3.6;    3;   9.0;   4;    1.600;-999;  -999;  10.1; 1013.40;    9.9;   82.00;   15.3;    4.7;    3.1;eor
        427;20240322;   10;   9.8;   4.2;    3;   7.4;   4;    0.000;-999;  -999;  10.3; 1008.90;    9.4;   87.00;   12.7;    5.6;    4.5;eor
        427;20240323;   10;  17.0;   4.3;    3;  10.1;   4;    2.800;-999;  -999;   8.0;  999.80;    5.8;   87.00;    8.6;    1.9;    0.4;eor
        427;20240324;   10;  13.0;   5.9;    3;   7.5;   4;    3.300;-999;  -999;   7.3;  994.80;    4.8;   85.00;    8.2;    1.3;   -0.5;eor
        427;20240325;   10;  12.5;   5.0;    3;   1.4;   4;    1.300;-999;  -999;   7.6;  997.70;    5.8;   83.00;   10.4;    0.0;   -3.0;eor
        427;20240326;   10;  12.2;   4.7;    3;   0.0;   0;    8.000;-999;  -999;   6.6;  993.70;    7.3;   68.00;   14.0;   -0.3;   -2.6;eor
        427;20240327;   10;   9.9;   4.4;    3;   0.1;   4;    8.000;-999;  -999;   8.1;  982.90;   12.0;   58.00;   18.4;    5.7;    1.6;eor
        427;20240328;   10;  18.0;   7.0;    3;   0.5;   4;    2.700;-999;  -999;   8.6;  983.30;   10.2;   70.00;   15.4;    7.5;    4.4;eor
        427;20240329;   10;  13.7;   5.2;    3;   0.3;   4;    1.000;-999;  -999;   8.9;  994.50;   10.2;   72.00;   16.5;    4.4;    1.8;eor
        427;20240330;   10;   6.7;   2.6;    3;   0.0;   0;    5.000;-999;  -999;  10.3;  993.90;   14.6;   66.00;   23.4;    6.2;    3.3;eor
        427;20240331;   10;   6.7;   2.0;    3;   0.0;   0;    5.500;-999;  -999;  11.5;  992.20;   13.3;   75.00;   18.8;    8.3;    4.5;eor
        427;20240401;    3;  18.9;   5.8;    3;   0.0;   4;    1.850;-999;  -999;  10.9;  989.35;   12.9;   75.38;   20.3;    7.7;    4.3;eor
        427;20240402;    3;  21.1;   8.3;    3;   1.4;   4;    4.617;-999;  -999;   9.1;  997.13;   11.3;   68.54;   15.2;    7.9;    6.3;eor
        427;20240403;    3;  11.1;   4.7;    3;   2.5;   4;    0.183;-999;  -999;  10.8; 1000.93;   10.3;   86.04;   11.9;    8.6;    8.2;eor
        427;20240404;    3;  12.3;   5.8;    3;   2.7;   4;    3.467;-999;  -999;  11.5; 1001.81;   11.9;   82.33;   15.4;    8.9;    7.5;eor
        427;20240405;    3;  18.5;   5.8;    3;   0.6;   4;    4.033;-999;  -999;  12.2; 1005.73;   14.2;   75.33;   18.9;    9.9;    8.0;eor
        427;20240406;    3;   8.2;   3.3;    3;   0.0;   0;    8.650;-999;  -999;  13.7; 1008.82;   16.9;   72.71;   23.0;    9.8;    7.3;eor
        427;20240407;    3;  10.6;   3.4;    3;   0.0;   4;    7.633;-999;  -999;  12.7; 1008.65;   18.5;   60.83;   23.1;   13.3;    8.1;eor
        427;20240408;    3;   9.1;   2.9;    3;   0.0;   4;    5.617;-999;  -999;  13.7; 1004.26;   19.6;   61.54;   26.8;   13.5;   11.0;eor
        427;20240409;    3;  15.9;   4.7;    3;   1.4;   4;    4.817;-999;  -999;  13.7; 1003.20;   17.9;   66.96;   26.4;   10.6;    9.6;eor
        427;20240410;    3;  11.8;   5.0;    3;   0.0;   0;    1.417;-999;  -999;   9.3; 1019.85;   11.1;   70.96;   14.7;    5.4;    1.9;eor
        427;20240411;    3;  11.7;   3.9;    3;   0.0;   0;    5.600;-999;  -999;   8.7; 1025.53;   11.9;   65.29;   17.0;    4.6;    0.4;eor
        427;20240412;    3;   9.9;   3.9;    3;   0.0;   0;    1.100;-999;  -999;  12.6; 1023.20;   15.2;   73.04;   19.8;   11.9;    9.6;eor
        427;20240413;    3;  12.9;   5.2;    3;   0.0;   0;    9.583;-999;  -999;  13.1; 1016.52;   16.7;   70.42;   22.6;    9.7;    7.1;eor
        427;20240414;    3;  16.3;   6.1;    3;   0.0;   4;    5.850;-999;  -999;   9.2; 1010.75;   14.3;   55.58;   16.8;    7.5;    4.6;eor
        427;20240415;    3;  15.4;   4.5;    3;   4.3;   4;    5.000;-999;  -999;   8.6; 1000.40;   10.3;   69.29;   15.0;    5.5;    5.3;eor
        427;20240416;    3;  14.4;   6.9;    3;   0.6;   4;    0.800;-999;  -999;   7.4;  994.64;    6.9;   74.33;   10.8;    3.7;    2.7;eor
        427;20240417;    3;  10.3;   3.1;    3;   0.0;   4;    3.750;-999;  -999;   6.6; 1001.99;    6.4;   70.75;   12.2;    1.8;    0.0;eor
        427;20240418;    3;  10.3;   3.9;    3;   0.0;   4;    7.650;-999;  -999;   6.1; 1008.23;    6.8;   64.25;   12.1;    1.5;   -0.8;eor
        427;20240419;    3;  12.9;   4.9;    3;   9.3;   4;    0.583;-999;  -999;   8.1;  999.21;    5.9;   87.04;    8.5;    3.8;    2.1;eor
        427;20240420;    3;  14.9;   5.0;    3;   0.5;   4;    3.467;-999;  -999;   6.6; 1007.81;    5.3;   73.83;    9.5;    0.9;   -2.3;eor
        427;20240421;    3;  12.9;   4.8;    3;   0.0;   4;    5.600;-999;  -999;   5.1; 1016.74;    3.9;   64.21;    9.5;   -1.8;   -4.4;eor
        427;20240422;    3;  10.1;   2.4;    3;   1.8;   4;    4.100;-999;  -999;   5.5; 1017.93;    2.4;   75.25;    6.1;   -2.0;   -5.6;eor
        427;20240423;    3;   7.7;   2.6;    3;   0.0;   0;    7.883;-999;  -999;   5.4; 1012.24;    4.7;   65.58;   10.4;   -1.9;   -4.3;eor
        427;20240424;    3;   9.6;   2.9;    3;   1.2;   4;    0.833;-999;  -999;   6.4; 1001.17;    6.1;   68.92;   10.0;    2.0;   -0.4;eor
        427;20240425;    3;  11.0;   3.4;    3;   1.3;   4;    3.767;-999;  -999;   7.1;  998.83;    5.0;   81.83;   10.3;    0.7;   -1.8;eor
        427;20240426;    3;  10.5;   3.9;    3;   0.0;   0;    8.367;-999;  -999;   6.8; 1001.40;    8.9;   63.17;   15.3;    2.2;   -0.3;eor
        427;20240427;    3;  10.3;   2.6;    3;   0.0;   4;   11.717;-999;  -999;   8.1; 1005.03;   13.1;   57.46;   21.3;    1.3;   -2.0;eor
        427;20240428;    3;   9.4;   4.0;    3;   0.1;   4;    7.433;-999;  -999;  10.1; 1007.25;   16.5;   54.63;   23.6;    8.4;    3.8;eor
        427;20240429;    3;   8.2;   2.9;    3;   0.0;   4;    8.033;-999;  -999;  11.1; 1015.83;   16.9;   57.67;   22.1;   11.7;    9.4;eor
        427;20240430;    3;  11.1;   4.3;    3;   0.0;   0;   13.433;-999;  -999;  11.6; 1011.71;   19.9;   53.04;   28.0;   10.0;    6.7;eor
        427;20240501;    3;  14.9;   6.4;    3;   0.0;   0;   12.683;-999;  -999;  11.4; 1004.97;   20.6;   48.21;   26.2;   13.9;    9.8;eor
        427;20240502;    3;  14.6;   6.3;    3;   0.0;   0;   11.200;-999;  -999;  11.8;  999.16;   20.2;   50.75;   26.0;   13.9;   10.9;eor
        427;20240503;    3;  10.8;   4.0;    3;   1.3;   4;   10.983;-999;  -999;  13.8; 1003.47;   18.1;   66.79;   23.2;   13.2;   10.0;eor
        427;20240504;    3;   6.7;   2.6;    3;   4.1;   4;    8.917;-999;  -999;  13.1; 1008.99;   16.1;   72.63;   22.0;   11.1;   10.4;eor
        427;20240505;    3;  10.8;   4.4;    3;   0.7;   4;    4.683;-999;  -999;  13.2; 1002.75;   15.2;   76.25;   19.8;    8.3;    4.3;eor
        427;20240506;    3;   7.7;   3.4;    3;   0.0;   0;   11.183;-999;  -999;   9.6; 1003.45;   13.5;   64.17;   19.5;    6.7;    4.4;eor
        427;20240507;    3;   8.4;   3.5;    3;   0.0;   4;    1.167;-999;  -999;  10.0; 1011.94;   11.4;   74.96;   15.6;    7.8;    2.4;eor
        427;20240508;    3;   9.3;   3.4;    3;   0.0;   0;   12.050;-999;  -999;   8.0; 1019.01;   12.6;   57.33;   18.9;    6.9;    0.5;eor
        427;20240509;    3;   7.9;   2.0;    3;   0.0;   0;   13.167;-999;  -999;   8.0; 1019.57;   13.8;   54.42;   20.6;    4.8;   -0.8;eor
        427;20240510;    3;   7.2;   1.8;    3;   0.0;   0;    6.600;-999;  -999;  10.6; 1017.04;   16.5;   58.42;   22.9;    8.9;    5.1;eor
        427;20240511;    3;   9.6;   3.3;    3;   0.0;   0;    4.600;-999;  -999;  11.8; 1016.90;   14.7;   71.92;   20.2;    9.6;    4.1;eor
        427;20240512;    3;  11.8;   4.3;    3;   0.0;   0;   14.433;-999;  -999;   8.5; 1016.00;   15.0;   52.96;   21.9;    8.3;    2.4;eor
        427;20240513;    3;  10.8;   4.6;    3;   0.0;   0;   14.483;-999;  -999;   7.3; 1011.29;   16.9;   40.79;   24.5;    8.1;    3.1;eor
        427;20240514;    3;  12.0;   5.1;    3;   0.0;   0;   14.517;-999;  -999;   7.7; 1007.63;   18.7;   37.54;   25.7;   10.5;    7.4;eor
        427;20240515;    3;  14.9;   6.5;    3;   0.0;   0;   14.500;-999;  -999;   8.7; 1006.33;   19.9;   38.96;   26.3;   11.4;    7.8;eor
        427;20240516;    3;  17.1;   7.0;    3;   0.0;   0;    9.233;-999;  -999;   9.1; 1005.05;   19.9;   40.21;   26.0;   13.5;   10.4;eor
        427;20240517;    3;  17.5;   6.4;    3;   0.0;   0;   11.633;-999;  -999;   9.3; 1004.39;   19.2;   43.54;   25.9;   14.3;    9.8;eor
        427;20240518;    3;  11.0;   3.9;    3;   0.0;   4;    3.733;-999;  -999;  12.0; 1004.55;   15.9;   66.63;   20.6;   11.6;    6.4;eor
        427;20240519;    3;   7.0;   2.1;    3;   0.1;   4;    4.417;-999;  -999;  13.8; 1003.82;   15.6;   78.79;   20.9;    9.8;    4.9;eor
        427;20240520;    3;   8.2;   2.1;    3;   0.9;   4;    8.383;-999;  -999;  14.2; 1005.69;   16.3;   77.67;   22.2;    8.9;    4.5;eor
        427;20240521;    3;  12.7;   5.1;    3;   0.1;   4;    9.750;-999;  -999;  14.3; 1004.13;   20.8;   62.04;   27.9;   11.4;    6.4;eor
        427;20240522;    3;  12.3;   5.2;    3;   0.4;   4;    2.833;-999;  -999;  16.2; 1001.25;   20.3;   68.96;   26.0;   14.8;   14.8;eor
        427;20240523;    3;  10.6;   4.0;    3;   0.0;   0;    7.817;-999;  -999;  14.0; 1008.02;   19.0;   66.58;   24.7;   14.0;    9.3;eor
        427;20240524;    3;  11.1;   3.8;    3;  26.8;   4;    8.217;-999;  -999;  15.2; 1012.06;   18.7;   74.08;   26.1;   12.1;    7.1;eor
        427;20240525;    3;  13.4;   2.5;    3;   6.0;   4;    4.967;-999;  -999;  16.0; 1011.49;   18.4;   78.08;   24.4;   13.2;   10.4;eor
        427;20240526;    3;   9.4;   2.6;    3;   0.0;   4;   11.167;-999;  -999;  15.5; 1012.08;   19.6;   69.83;   25.2;   11.5;    9.0;eor
        427;20240527;    3;  10.3;   2.9;    3;   0.0;   4;    3.617;-999;  -999;  15.4; 1010.66;   20.0;   66.83;   24.9;   15.6;   13.0;eor
        427;20240528;    3;   8.7;   3.4;    3;   5.2;   4;    1.417;-999;  -999;  15.1; 1010.54;   15.8;   84.75;   18.2;   11.1;    7.0;eor
        427;20240529;    3;  11.1;   4.0;    3;   0.0;   4;    6.500;-999;  -999;  13.0; 1007.02;   16.9;   69.67;   23.1;    9.1;    5.3;eor
        427;20240530;    3;  12.7;   2.3;    3;   5.7;   4;    2.567;-999;  -999;  15.7;  999.72;   16.9;   82.46;   21.6;   13.1;   10.4;eor
        427;20240531;    3;   6.5;   2.6;    3;   0.0;   0;    5.183;-999;  -999;  14.9; 1001.53;   18.0;   73.75;   22.7;   12.4;   11.1;eor
        427;20240601;    3;  14.4;   4.4;    3;   0.2;   4;    8.433;-999;  -999;  16.6; 1003.96;   21.0;   68.25;   26.7;   15.9;   14.3;eor
        427;20240602;    3;  13.9;   5.6;    3;   0.0;   0;    9.950;-999;  -999;  16.9; 1008.23;   20.1;   72.46;   25.0;   15.9;   13.7;eor
        427;20240603;    3;   8.7;   4.4;    3;   0.0;   4;    0.000;-999;  -999;  12.3; 1010.71;   14.3;   75.50;   16.1;   11.6;    9.6;eor
        427;20240604;    3;   5.7;   2.2;    3;   0.0;   4;    2.650;-999;  -999;  12.6; 1007.84;   16.1;   69.46;   21.1;   11.2;    6.6;eor
        427;20240605;    3;  10.8;   3.6;    3;   5.5;   4;    2.100;-999;  -999;  14.4; 1005.02;   15.8;   80.71;   20.6;   10.5;    6.2;eor
        427;20240606;    3;   8.9;   2.8;    3;   0.3;   4;    9.483;-999;  -999;  11.2; 1010.63;   15.7;   65.58;   21.1;    9.5;    8.4;eor
        427;20240607;    3;  11.0;   2.7;    3;   0.0;   0;    9.050;-999;  -999;  10.6; 1011.12;   16.1;   59.46;   21.0;    9.2;    4.5;eor
        427;20240608;    3;  12.2;   3.9;    3;   0.0;   0;   12.800;-999;  -999;  11.2; 1004.84;   18.6;   55.46;   26.6;    7.7;    3.6;eor
        427;20240609;    3;  11.3;   4.0;    3;   0.0;   0;   13.933;-999;  -999;   9.0; 1002.25;   16.2;   51.21;   21.3;   11.1;    5.5;eor
        427;20240610;    3;  10.5;   2.9;    3;   2.1;   4;    6.617;-999;  -999;  10.5; 1000.25;   15.2;   61.79;   20.2;   10.0;    4.7;eor
        427;20240611;    3;  15.4;   6.8;    3;   0.0;   4;    3.700;-999;  -999;  10.1; 1004.33;   13.2;   67.96;   18.2;    8.1;    6.2;eor
        427;20240612;    3;  11.8;   4.1;    3;   0.0;   4;    9.367;-999;  -999;   9.5; 1010.67;   12.8;   65.83;   18.4;    6.5;    2.3;eor
        427;20240613;    3;   8.7;   3.1;    3;   0.0;   0;    8.400;-999;  -999;   9.2; 1011.28;   14.1;   59.42;   19.6;    8.1;    2.9;eor
        427;20240614;    3;  10.3;   3.1;    3;   2.1;   4;    0.550;-999;  -999;  12.1; 1007.01;   14.1;   75.33;   20.8;    8.0;    3.0;eor
        427;20240615;    3;  13.9;   4.7;    3;   2.4;   4;    4.750;-999;  -999;  13.0; 1001.41;   17.3;   67.13;   23.2;   10.3;    6.0;eor
        427;20240616;    3;  14.9;   2.8;    3;   0.1;   4;   10.683;-999;  -999;  11.7; 1004.06;   18.7;   56.75;   25.5;   10.3;    6.2;eor
        427;20240617;    3;  15.1;   3.4;    3;   2.1;   4;    6.000;-999;  -999;  14.9; 1006.55;   19.5;   66.42;   25.3;   14.2;    9.8;eor
        427;20240618;    3;  16.1;   2.3;    3;  21.7;   4;    8.917;-999;  -999;  16.5; 1007.81;   20.1;   73.13;   27.9;   13.3;    9.2;eor
        427;20240619;    3;   8.4;   3.6;    3;   2.2;   4;    1.767;-999;  -999;  16.0; 1009.63;   16.3;   86.54;   18.4;   11.8;    7.8;eor
        427;20240620;    3;   6.7;   2.1;    3;   0.0;   0;   11.600;-999;  -999;  13.0; 1015.34;   17.6;   66.83;   23.0;   10.0;    6.8;eor
        427;20240621;    3;  13.9;   3.0;    3;  16.2;   4;    4.233;-999;  -999;  19.3; 1007.06;   20.7;   79.33;   27.9;   15.0;   13.3;eor
        427;20240622;    3;  13.0;   5.3;    3;  15.1;   4;    4.717;-999;  -999;  16.3; 1004.34;   19.1;   74.92;   23.6;   14.1;   10.1;eor
        427;20240623;    3;  11.5;   4.5;    3;   0.0;   0;    9.017;-999;  -999;  14.1; 1011.38;   18.9;   65.54;   23.4;   14.2;    9.5;eor
        427;20240624;    3;   8.6;   1.6;    3;   0.0;   0;    8.550;-999;  -999;  13.9; 1014.22;   19.4;   64.25;   25.3;   12.4;    8.6;eor
        427;20240625;    3;  10.1;   3.8;    3;   0.0;   0;   12.700;-999;  -999;  15.2; 1012.26;   20.7;   64.38;   26.4;   13.8;   10.8;eor
        427;20240626;    3;  10.8;   4.0;    3;   0.0;   0;   14.983;-999;  -999;  17.7; 1006.93;   24.2;   60.13;   30.4;   16.0;   14.3;eor
        427;20240627;    3;  10.3;   3.0;    3;   2.3;   4;    7.900;-999;  -999;  20.9; 1003.24;   24.4;   70.21;   30.4;   19.8;   18.4;eor
        427;20240628;    3;-999;-999;    3;   0.0;   4;   10.600;-999;  -999;  -999;    -999;   22.8;-999;   29.2;   14.4;   10.9;eor
        427;20240629;    3;-999;-999;    3;   1.8;   4;   13.000;-999;  -999;  -999;    -999;   23.4;-999;   29.8;   13.0;   10.2;eor
        427;20240630;    3;-999;-999;    3;   1.8;   4;    1.717;-999;  -999;  -999;  999.07;   21.8;-999;   28.1;   16.5;   15.6;eor
        427;20240701;    3;-999;-999;    3;   7.7;   4;    1.867;-999;  -999;  -999; 1004.99;   17.1;-999;   20.2;   12.3;   11.8;eor
        427;20240702;    1;-999;-999;    1;   3.0;   4;    1.983;-999;  -999;  -999; 1004.80;   15.1;-999;   18.0;   12.7;   12.0;eor
        427;20240703;    1;-999;-999;    1;   0.0;   4;    1.800;-999;  -999;  12.2; 1002.93;   15.1;   71.71;   18.2;   12.0;   11.3;eor
        427;20240704;    1;  12.5;   4.5;    1;   1.3;   4;    3.300;-999;  -999;  13.7; 1001.18;   15.3;   79.08;   19.6;   11.5;    8.3;eor
        427;20240705;    1;  12.5;   4.4;    1;   0.0;   0;    7.367;-999;  -999;  11.5; 1004.56;   16.7;   62.75;   22.4;    9.7;    6.9;eor
        427;20240706;    1;  20.6;   5.7;    1;   9.4;   4;   10.417;-999;  -999;  16.3;  999.36;   21.7;   64.83;   31.9;   14.3;   11.4;eor
        427;20240707;    1;  11.3;   4.4;    1;   0.0;   4;   12.867;-999;  -999;  10.5; 1007.72;   18.3;   51.00;   22.7;   12.3;    8.2;eor
        427;20240708;    1;   9.4;   2.3;    1;   0.0;   0;   11.483;-999;  -999;  11.8; 1012.07;   19.9;   54.50;   26.5;   10.8;    6.9;eor
        427;20240709;    1;  10.1;   3.2;    1;   0.0;   4;   12.633;-999;  -999;  15.6; 1011.84;   24.6;   52.08;   30.9;   16.9;   14.6;eor
        427;20240710;    1;  17.8;   3.0;    1;  12.7;   4;    8.783;-999;  -999;  21.8; 1008.65;   24.1;   73.71;   30.2;   19.7;   17.4;eor
        427;20240711;    1;   7.9;   2.7;    1;   4.2;   4;    7.950;-999;  -999;  19.6; 1010.00;   22.6;   73.50;   27.2;   19.0;   16.1;eor
        427;20240712;    1;  11.5;   3.3;    1;   7.9;   4;    0.750;-999;  -999;  21.0; 1005.75;   20.4;   87.42;   24.8;   18.4;   16.1;eor
        427;20240713;    1;  11.7;   4.7;    1;   0.0;   0;    6.033;-999;  -999;  14.2; 1005.52;   18.1;   69.50;   23.0;   13.0;   10.1;eor
        427;20240714;    1;   8.2;   2.0;    1;   0.0;   4;    7.317;-999;  -999;  14.6; 1007.81;   19.5;   66.13;   25.3;   12.3;    8.9;eor
        427;20240715;    1;   7.5;   2.2;    1;   0.0;   0;   13.633;-999;  -999;  15.4; 1006.77;   23.1;   58.04;   29.2;   14.6;   10.7;eor
        427;20240716;    1;  16.1;   3.4;    1;   4.7;   4;    4.267;-999;  -999;  17.9; 1005.22;   21.6;   70.17;   28.8;   16.2;   14.7;eor
        427;20240717;    1;  11.3;   4.7;    1;   0.0;   4;    8.483;-999;  -999;  15.3; 1012.93;   19.4;   68.63;   24.5;   13.8;   11.3;eor
        427;20240718;    1;   7.9;   2.2;    1;   0.0;   0;   13.300;-999;  -999;  14.8; 1017.36;   20.4;   64.58;   26.9;   13.9;    9.2;eor
        427;20240719;    1;   8.2;   1.7;    1;   0.0;   0;   11.833;-999;  -999;  15.4; 1014.53;   22.2;   60.88;   29.0;   14.0;    9.3;eor
        427;20240720;    1;   7.7;   3.1;    1;   0.0;   0;   11.800;-999;  -999;  16.2; 1006.91;   24.1;   56.29;   30.4;   17.4;   14.6;eor
        427;20240721;    1;  13.2;   3.0;    1;   1.7;   4;   11.333;-999;  -999;  18.3; 1002.42;   24.6;   60.96;   32.6;   17.1;   13.0;eor
        427;20240722;    1;  12.2;   4.6;    1;   0.2;   4;    2.100;-999;  -999;  19.2; 1007.57;   20.2;   80.88;   23.9;   13.7;   11.2;eor
        427;20240723;    1;  17.0;   2.8;    1;  12.0;   4;    8.267;-999;  -999;  16.1; 1010.56;   19.8;   73.13;   28.2;   12.2;    8.8;eor
        427;20240724;    1;  12.3;   4.5;    1;   0.1;   4;    7.500;-999;  -999;  15.8; 1009.94;   19.5;   71.38;   24.5;   13.3;   11.0;eor
        427;20240725;    1;   9.4;   3.0;    1;   0.0;   0;   14.017;-999;  -999;  12.0; 1009.50;   17.9;   60.92;   23.4;   10.7;    8.1;eor
        427;20240726;    1;   8.4;   3.2;    1;   1.2;   4;    4.383;-999;  -999;  15.7; 1006.28;   20.0;   68.25;   25.0;   12.7;    9.2;eor
        427;20240727;    1;   4.6;   1.7;    1;  43.9;   4;    0.500;-999;  -999;  20.1; 1008.31;   19.9;   86.17;   23.4;   16.9;   14.5;eor
        427;20240728;    1;  14.6;   5.4;    1;   1.9;   4;    7.067;-999;  -999;  15.5; 1013.77;   18.4;   74.79;   23.6;   13.5;   11.4;eor
        427;20240729;    1;  13.0;   3.5;    1;   0.0;   0;   13.783;-999;  -999;  13.1; 1017.82;   18.4;   64.29;   24.2;   12.1;    9.1;eor
        427;20240730;    1;   6.9;   1.7;    1;   0.0;   0;   13.817;-999;  -999;  13.8; 1013.01;   20.4;   61.21;   27.9;   11.0;    7.4;eor
        427;20240731;    1;   6.2;   1.9;    1;   0.0;   0;   10.317;-999;  -999;  16.6; 1008.33;   23.2;   61.04;   29.3;   14.9;   12.0;eor
        427;20240801;    1;   6.7;   2.8;    1;   0.0;   0;   11.300;-999;  -999;  16.4; 1005.95;   22.5;   61.08;   28.2;   17.3;   15.1;eor
        427;20240802;    1;   7.2;   3.3;    1;   0.0;   0;    0.217;-999;  -999;  14.9; 1004.71;   19.6;   65.38;   22.5;   17.0;   16.0;eor
        427;20240803;    1;   6.7;   2.3;    1;  15.2;   4;   10.667;-999;  -999;  15.1; 1005.26;   20.4;   64.83;   25.5;   14.4;   12.8;eor
        427;20240804;    1;  11.8;   3.7;    1;   7.1;   4;    4.450;-999;  -999;  17.7; 1005.35;   19.7;   77.63;   24.2;   16.7;   15.6;eor
        427;20240805;    1;   8.7;   3.5;    1;   0.0;   0;    9.033;-999;  -999;  13.4; 1009.07;   18.8;   63.08;   23.4;   13.6;   10.7;eor
        427;20240806;    1;   7.4;   2.0;    1;   0.0;   0;   13.900;-999;  -999;  14.2; 1008.39;   19.8;   64.33;   26.1;   12.0;    9.4;eor
        427;20240807;    1;  14.7;   2.4;    1;   0.0;   4;   12.083;-999;  -999;  16.9; 1005.30;   22.2;   64.63;   29.5;   14.6;   11.9;eor
        427;20240808;    1;   9.8;   3.7;    1;   0.0;   0;    3.983;-999;  -999;  16.2; 1009.16;   20.3;   69.17;   24.1;   15.0;   11.5;eor
        427;20240809;    1;  14.1;   3.9;    1;   0.5;   4;    4.650;-999;  -999;  17.5; 1009.25;   19.9;   75.67;   25.6;   13.7;   11.2;eor
        427;20240810;    1;   9.6;   3.7;    1;   0.0;   0;   11.233;-999;  -999;  16.4; 1012.77;   20.8;   68.79;   27.0;   14.2;   12.7;eor
        427;20240811;    1;  10.1;   3.3;    1;   0.0;   0;   11.367;-999;  -999;  14.7; 1014.86;   21.0;   60.38;   25.9;   14.8;   10.5;eor
        427;20240812;    1;   5.0;   1.7;    1;   0.0;   0;   13.733;-999;  -999;  14.3; 1010.45;   20.7;   60.96;   28.2;   12.2;    8.4;eor
        427;20240813;    1;   9.4;   4.1;    1;   0.0;   0;   13.433;-999;  -999;  14.1; 1007.64;   22.5;   54.25;   29.7;   14.1;   11.6;eor
        427;20240814;    1;   9.3;   4.0;    1;   3.4;   4;   10.767;-999;  -999;  17.2; 1005.95;   24.1;   58.67;   32.2;   16.9;   15.1;eor
        427;20240815;    1;   8.7;   2.8;    1;   0.0;   4;    7.900;-999;  -999;  21.7; 1008.85;   23.4;   77.17;   28.8;   17.5;   14.6;eor
        427;20240816;    1;  14.9;   3.7;    1;   0.0;   0;   10.633;-999;  -999;  18.7; 1008.78;   24.1;   65.25;   30.5;   16.6;   13.1;eor
        427;20240817;    1;   6.9;   2.5;    1;   0.0;   0;    6.167;-999;  -999;  19.7; 1006.11;   23.6;   69.13;   30.0;   18.4;   16.0;eor
        427;20240818;    1;  10.5;   4.0;    1;   0.3;   4;    1.367;-999;  -999;  18.9; 1004.05;   20.4;   78.67;   24.4;   17.4;   17.4;eor
        427;20240819;    1;   9.8;   3.4;    1;   0.0;   0;    8.083;-999;  -999;  13.8; 1010.90;   19.3;   62.92;   23.6;   12.1;    9.0;eor
        427;20240820;    1;   8.1;   2.5;    1;   2.7;   4;   12.517;-999;  -999;  16.0; 1008.28;   20.2;   69.71;   27.1;   10.8;    7.1;eor
        427;20240821;    1;  16.5;   6.2;    1;   0.0;   4;    6.433;-999;  -999;  14.5; 1006.13;   19.8;   62.88;   23.9;   12.2;    8.4;eor
        427;20240822;    1;  12.5;   4.0;    1;   0.0;   0;    4.217;-999;  -999;  11.6; 1007.30;   18.3;   57.08;   24.3;   12.0;    9.8;eor
        427;20240823;    1;  14.1;   5.8;    1;   0.0;   0;    9.967;-999;  -999;  12.7; 1003.65;   23.2;   47.29;   30.7;   15.2;   13.8;eor
        427;20240824;    1;  11.8;   4.5;    1;   0.0;   4;   12.967;-999;  -999;  17.5; 1005.45;   25.2;   57.96;   32.7;   15.8;   13.5;eor
        427;20240825;    1;  15.9;   5.0;    1;   0.0;   4;    2.883;-999;  -999;  14.1; 1011.19;   20.8;   57.75;   24.7;   12.9;    9.6;eor
        427;20240826;    1;   7.2;   1.8;    1;   0.0;   0;    9.650;-999;  -999;  12.1; 1016.71;   18.7;   59.88;   25.7;   11.2;    7.7;eor
        427;20240827;    1;   9.9;   2.9;    1;   0.0;   0;   12.767;-999;  -999;  13.1; 1017.79;   19.5;   61.67;   27.1;   11.7;    8.7;eor
        427;20240828;    1;  10.3;   4.2;    1;   0.0;   0;   12.550;-999;  -999;  16.9; 1013.77;   22.7;   61.25;   30.2;   14.4;   11.5;eor
        427;20240829;    1;   7.2;   2.2;    1;   0.0;   0;   12.200;-999;  -999;  18.6; 1010.73;   26.3;   58.58;   34.3;   19.3;   16.2;eor
        427;20240830;    1;  12.5;   4.6;    1;   0.0;   4;   10.117;-999;  -999;  17.7; 1013.55;   23.3;   62.96;   30.8;   16.6;   14.8;eor
        427;20240831;    1;   8.9;   3.9;    1;   0.0;   0;   10.000;-999;  -999;  13.5; 1018.88;   19.0;   63.08;   24.7;   15.1;   13.5;eor
        427;20240901;    1;   9.8;   4.1;    1;   0.0;   0;    9.717;-999;  -999;  13.6; 1015.10;   19.0;   63.88;   25.9;   13.1;    8.8;eor
        427;20240902;    1;   9.9;   3.5;    1;   0.0;   0;   11.367;-999;  -999;  14.3; 1009.91;   19.6;   64.92;   27.2;   10.9;    6.0;eor
        427;20240903;    1;   8.1;   2.9;    1;   0.0;   0;   11.400;-999;  -999;  18.9; 1009.03;   24.2;   65.17;   33.0;   17.0;   15.5;eor
        427;20240904;    1;  13.0;   4.6;    1;   0.0;   0;   12.050;-999;  -999;  16.0; 1008.60;   25.7;   52.92;   34.1;   17.6;   14.7;eor
        427;20240905;    1;  16.8;   7.1;    1;   0.0;   0;   12.100;-999;  -999;  13.5; 1008.98;   25.4;   43.46;   31.7;   19.4;   17.3;eor
        427;20240906;    1;  13.2;   5.4;    1;   0.0;   0;   11.950;-999;  -999;  12.4; 1009.04;   23.1;   45.46;   30.3;   16.8;   12.3;eor
        427;20240907;    1;   9.3;   3.5;    1;   0.0;   0;   11.517;-999;  -999;  14.9; 1008.08;   23.2;   55.21;   31.3;   13.8;    9.8;eor
        427;20240908;    1;  12.0;   3.7;    1;   0.2;   4;   10.883;-999;  -999;  16.6; 1002.49;   25.3;   53.42;   32.2;   18.4;   16.0;eor
        427;20240909;    1;  11.5;   4.5;    1;  12.8;   4;    0.850;-999;  -999;  18.0;  995.59;   18.3;   86.08;   23.8;   13.7;   11.2;eor
        427;20240910;    1;  11.1;   4.8;    1;   0.3;   4;    4.050;-999;  -999;  13.2; 1001.86;   16.4;   72.04;   20.4;   13.9;   12.3;eor
        427;20240911;    1;-999;-999;-999;-999;-999;-999;-999;  -999;  -999;    -999;   -999;-999;-999;-999;-999;eor
        427;20240912;    1;-999;-999;    1;  -999;-999;-999;-999;  -999;  -999;    -999;   -999;-999;-999;-999;-999;eor
